1.000000000000000048e-04 1.554484332307510903e-08
1.009262190987047304e-04 1.533118629041360363e-08
1.018610170155975281e-04 1.512094618524590989e-08
1.028044732093309733e-04 1.491406394996754154e-08
1.037566678745185890e-04 1.471048160751619023e-08
1.047176819485520245e-04 1.451014224094941201e-08
1.056875971184803998e-04 1.431222695931211786e-08
1.066664958279538747e-04 1.411745940806239624e-08
1.076544612842315928e-04 1.392578539928255103e-08
1.086515774652538379e-04 1.373715173404643264e-08
1.096579291267809898e-04 1.355150618375693152e-08
1.106736018095973433e-04 1.336808479192328266e-08
1.116986818467822557e-04 1.318756421238527150e-08
1.127332563710487184e-04 1.300989471296705191e-08
1.137774133221491354e-04 1.283502746683402223e-08
1.148312414543511137e-04 1.266291453543668033e-08
1.158948303439810582e-04 1.249284283283556567e-08
1.169682703970384685e-04 1.232544540569472912e-08
1.180516528568805612e-04 1.216067659941957562e-08
1.191450698119775949e-04 1.199849158831815885e-08
1.202486142037412301e-04 1.183884636001177144e-08
1.213623798344240533e-04 1.168107495823574808e-08
1.224864613750930708e-04 1.152576994282289833e-08
1.236209543736769146e-04 1.137288939126217998e-08
1.247659552630869643e-04 1.122239214009032789e-08
1.259215613694150942e-04 1.107423777064138489e-08
1.270878709202058108e-04 1.092780401160656230e-08
1.282649830528059917e-04 1.078364581396274131e-08
1.294529978227916035e-04 1.064172467160005584e-08
1.306520162124721288e-04 1.050200277361189082e-08
1.318621401394748458e-04 1.036444299126716803e-08
1.330834724654074680e-04 1.022846356506869168e-08
1.343161170046015297e-04 1.009458449262820969e-08
1.355601785329368979e-04 9.962770395771389058e-09
1.368157627967471913e-04 9.832986533170210671e-09
1.380829765218092263e-04 9.705198788431767027e-09
1.393619274224142113e-04 9.578862989815822062e-09
1.406527242105236439e-04 9.454466632773778964e-09
1.419554766050101563e-04 9.331977203447599255e-09
1.432702953409830901e-04 9.211362771478971698e-09
1.445972921792019463e-04 9.092591979117558822e-09
1.459365799155756230e-04 8.975155546845402889e-09
1.472882723907501770e-04 8.859510731531644317e-09
1.486524844997857086e-04 8.745627642698457497e-09
1.500293322019218239e-04 8.633476924596058448e-09
1.514189325304352018e-04 8.523029746241972901e-09
1.528214036025869315e-04 8.413809234506324473e-09
1.542368646296629023e-04 8.306244498879011698e-09
1.556654359271062154e-04 8.200308052035978090e-09
1.571072389247450316e-04 8.095972896786954022e-09
1.585623961771137158e-04 7.993212516965078059e-09
1.600310313738700137e-04 7.891580152474034144e-09
1.615132693503091297e-04 7.791478698218450307e-09
1.630092360979741085e-04 7.692882868710107143e-09
1.645190587753662351e-04 7.595767827815239579e-09
1.660428657187529582e-04 7.500109180420849366e-09
1.675807864530766986e-04 7.405488162828692074e-09
1.691329517029648683e-04 7.312283242533796348e-09
1.706994934038408014e-04 7.220471151831047770e-09
1.722805447131393918e-04 7.130029035074500414e-09
1.738762400216250527e-04 7.040934441053086877e-09
1.754867149648150332e-04 6.952794648124265566e-09
1.771121064345088786e-04 6.865965349647144382e-09
1.787525525904235457e-04 6.780425127412677833e-09
1.804081928719382670e-04 6.696152941157655964e-09
1.820791680099462359e-04 6.613128121588475662e-09
1.837656200388170424e-04 6.530982183862179397e-09
1.854676923084699425e-04 6.450049577308346288e-09
1.871855294965579319e-04 6.370310579324012490e-09
1.889192776207666380e-04 6.291745814045148177e-09
1.906690840512252085e-04 6.214336245962450275e-09
1.924350975230330212e-04 6.137735958770129810e-09
1.942174681489026468e-04 6.062259574543903757e-09
1.960163474319185771e-04 5.987888925545253634e-09
1.978318882784164360e-04 5.914606162222547830e-09
1.996642450109793374e-04 5.842393747367627652e-09
2.015135733815558649e-04 5.770926790868765480e-09
2.033800305846982068e-04 5.700501400009007111e-09
2.052637752709252192e-04 5.631100833181166546e-09
2.071649675602068924e-04 5.562708640838138125e-09
2.090837690555749911e-04 5.495308660143657643e-09
2.110203428568596521e-04 5.428595600612648315e-09
2.129748535745521019e-04 5.362848271147431746e-09
2.149474673437980470e-04 5.298051238507508573e-09
2.169383518385184322e-04 5.234189337601266441e-09
2.189476762856620634e-04 5.171247666588414814e-09
2.209756114795903147e-04 5.108939214525911211e-09
2.230223297965938634e-04 5.047526619877207602e-09
2.250880052095461704e-04 4.986995650022848076e-09
2.271728133026905069e-04 4.927332318605513051e-09
2.292769312865648647e-04 4.868522881045151869e-09
2.314005380130654006e-04 4.810297383823772804e-09
2.335438139906479262e-04 4.752903341388838302e-09
2.357069413996727843e-04 4.696327623148935352e-09
2.378901041078893431e-04 4.640557324737808484e-09
2.400934876860651764e-04 4.585579763906682594e-09
2.423172794237600676e-04 4.531140912609138014e-09
2.445616683452446721e-04 4.477474132557481403e-09
2.468268452255692339e-04 4.424567304957061099e-09
2.491130026067788590e-04 4.372408518891784179e-09
2.514203348142796828e-04 4.320986067561253648e-09
2.537490379733571512e-04 4.270060799446697941e-09
2.560993100258459536e-04 4.219852825515477175e-09
2.584713507469563534e-04 4.170350956178260457e-09
2.608653617622547997e-04 4.121544192922578895e-09
2.632815465648020189e-04 4.073421724865113636e-09
2.657201105324506481e-04 4.025758304521116771e-09
2.681812609453015396e-04 3.978761630183194907e-09
2.706652070033241072e-04 3.932421365856812842e-09
2.731721598441376204e-04 3.886727351234595459e-09
2.757023325609582747e-04 3.841669598536802187e-09
2.782559402207125773e-04 3.797035862253829473e-09
2.808331998823172674e-04 3.753022207084390228e-09
2.834343306151309184e-04 3.709619081397556690e-09
2.860595535175741895e-04 3.666817095150608025e-09
2.887090917359234400e-04 3.624607016992981255e-09
2.913831704832788461e-04 3.582788766248081511e-09
2.940820170587063703e-04 3.541547498640146161e-09
2.968058608665602493e-04 3.500874383500886225e-09
2.995549334359813402e-04 3.460760738831253287e-09
3.023294684405776131e-04 3.421198028646354751e-09
3.051297017182870593e-04 3.381997559814185862e-09
3.079558712914226386e-04 3.343334253401792660e-09
3.108082173869063645e-04 3.305199941631426674e-09
3.136869824566876504e-04 3.267586593554483800e-09
3.165924111983520412e-04 3.230486312616812317e-09
3.195247505759213607e-04 3.193721071149839802e-09
3.224842498408441913e-04 3.157456183400182482e-09
3.254711605531848163e-04 3.121684091279697769e-09
3.284857366030043374e-04 3.086397362675839779e-09
3.315282342319423150e-04 3.051588689218529762e-09
3.345989120549974685e-04 3.017090037563202164e-09
3.376980310825091164e-04 2.983057700004910481e-09
3.408258547423452110e-04 2.949484679397439245e-09
3.439826489022924688e-04 2.916364094618839507e-09
3.471686818926559680e-04 2.883689178522705949e-09
3.503842245290675643e-04 2.851301267974026167e-09
3.536295501355042614e-04 2.819348178446733840e-09
3.569049345675229896e-04 2.787823429060535588e-09
3.602106562357070192e-04 2.756720645833304074e-09
3.635469961293317630e-04 2.726033559801057357e-09
3.669142378402493712e-04 2.695612297351392359e-09
3.703126675869927134e-04 2.665596705499230881e-09
3.737425742391063937e-04 2.635980778677482534e-09
3.772042493416997554e-04 2.606758609845961200e-09
3.806979871402283821e-04 2.577924388765822993e-09
3.842240846055060993e-04 2.549336490782653569e-09
3.877828414589457430e-04 2.521127268778650452e-09
3.913745601980383993e-04 2.493291154952244026e-09
3.949995461220642823e-04 2.465822672348211670e-09
3.986581073580438726e-04 2.438716433273400650e-09
4.023505548869293143e-04 2.411838558551520321e-09
4.060772025700365591e-04 2.385314349737207250e-09
4.098383671757261184e-04 2.359138642361295754e-09
4.136343684063273807e-04 2.333306355752375854e-09
4.174655289253134888e-04 2.307812491581891769e-09
4.213321743847288901e-04 2.282530446964130638e-09
4.252346334528682046e-04 2.257578885725333866e-09
4.291732378422157359e-04 2.232953015144806359e-09
4.331483223376398229e-04 2.208648119829401980e-09
4.371602248248502198e-04 2.184659560377102425e-09
4.412092863191189912e-04 2.160867572729654595e-09
4.452958509942655184e-04 2.137384569510208786e-09
4.494202662119142376e-04 2.114206100769449485e-09
4.535828825510186029e-04 2.091327787944858118e-09
4.577840538376616304e-04 2.068745322632758884e-09
4.620241371751312867e-04 2.046345371501513471e-09
4.663034929742731084e-04 2.024234457386921311e-09
4.706224849841281286e-04 2.002408446519487685e-09
4.749814803228499869e-04 1.980863271060482779e-09
4.793808495089107069e-04 1.959594927973327358e-09
4.838209664925957392e-04 1.938496133740714426e-09
4.883022086877879990e-04 1.917667859527739879e-09
4.928249570040513054e-04 1.897106263336541945e-09
4.973895958790062848e-04 1.876807564087843603e-09
5.019965133110079530e-04 1.856768040583375895e-09
5.066461008921268206e-04 1.836886103395533659e-09
5.113387538414325981e-04 1.817257488505535863e-09
5.160748710385908026e-04 1.797878623277677591e-09
5.208548550577659763e-04 1.778745991389218414e-09
5.256791122018419265e-04 1.759856131876203918e-09
5.305480525369574672e-04 1.741112817021259074e-09
5.354620899273607008e-04 1.722606844018428212e-09
5.404216420705914865e-04 1.704334889014792233e-09
5.454271305329836403e-04 1.686293680237201723e-09
5.504789807854967333e-04 1.668479997114565734e-09
5.555776222398877860e-04 1.650802662908114110e-09
5.607234882852032368e-04 1.633347813752177818e-09
5.659170163246242521e-04 1.616112355673282172e-09
5.711586478126434762e-04 1.599093242885820432e-09
5.764488282925873171e-04 1.582287476984443868e-09
5.817880074344935256e-04 1.565608641561091725e-09
5.871766390733255264e-04 1.549138472060340536e-09
5.926151812475552710e-04 1.532874087020169031e-09
5.981040962380944435e-04 1.516812649587345725e-09
6.036438506075863814e-04 1.500951366774114699e-09
6.092349152400711784e-04 1.485208310497017677e-09
6.148777653810022850e-04 1.469661059734871694e-09
6.205728806776500623e-04 1.454306929575962288e-09
6.263207452198691922e-04 1.439143276425120594e-09
6.321218475812448011e-04 1.424167497319383173e-09
6.379766808606282449e-04 1.409301897805681399e-09
6.438857427240419562e-04 1.394620129594691062e-09
6.498495354469888087e-04 1.380119689653351199e-09
6.558685659571435525e-04 1.365798113235972986e-09
6.619433458774394430e-04 1.351652973254037516e-09
6.680743915695614441e-04 1.337610570275562763e-09
6.742622241778341904e-04 1.323740843949362709e-09
6.805073696735206446e-04 1.310041459631709668e-09
6.868103588995306923e-04 1.296510118178452566e-09
6.931717276155407569e-04 1.283144555364532396e-09
6.995920165435374474e-04 1.269874843122029784e-09
7.060717714137773214e-04 1.256767411210323471e-09
7.126115430111745839e-04 1.243820080970175218e-09
7.192118872221193223e-04 1.231030706675716108e-09
7.258733650817253023e-04 1.218397174999607482e-09
7.325965428215230456e-04 1.205853119487344237e-09
7.393819919175865889e-04 1.193461650033557105e-09
7.462302891391107279e-04 1.181220732553841896e-09
7.531420165974375561e-04 1.169128363534440403e-09
7.601177617955330547e-04 1.157182569539379514e-09
7.671581176779302151e-04 1.145320348916919938e-09
7.742636826811269846e-04 1.133601670394528021e-09
7.814350607844542133e-04 1.122024633966670560e-09
7.886728615614155540e-04 1.110587368022719517e-09
7.959777002314985571e-04 1.099288028892697928e-09
8.033501977124734390e-04 1.088066794963756708e-09
8.107909806731686828e-04 1.076980661927105607e-09
8.183006815867389754e-04 1.066027854199463441e-09
8.258799387844272151e-04 1.055206622588658787e-09
8.335293965098195066e-04 1.044515243874895237e-09
8.412497049736117902e-04 1.033896902940985620e-09
8.490415204088746625e-04 1.023405780711195316e-09
8.569055051268347108e-04 1.013040217139483086e-09
8.648423275731726865e-04 1.002798576725334202e-09
8.728526623848379762e-04 9.926792481277454402e-10
8.809371904473991014e-04 9.826282596381738818e-10
8.890965989529158288e-04 9.726971264759446484e-10
8.973315814583519715e-04 9.628842959571216833e-10
9.056428379445294243e-04 9.531882382434219066e-10
9.140310748756232161e-04 9.436074459863679065e-10
9.224970052592174194e-04 9.340906375475238256e-10
9.310413487069074982e-04 9.246868029035251860e-10
9.396648314954690433e-04 9.153944892111111538e-10
9.483681866285927856e-04 9.062122649071394376e-10
9.571521538991865398e-04 8.971387193805928379e-10
9.660174799522645676e-04 8.881251168173901143e-10
9.749649183484086420e-04 8.792180543786707378e-10
9.839952296278227113e-04 8.704161721430699516e-10
9.931091813749799713e-04 8.617181300278225731e-10
1.002307548283865382e-03 8.531226074865045800e-10
1.011591112223829674e-03 8.445832787686153317e-10
1.020960662306046604e-03 8.361444731372442154e-10
1.030416994950587558e-03 8.278049172304794426e-10
1.039960913954120214e-03 8.195633561981189689e-10
1.049593230558227598e-03 8.114185534232538044e-10
1.059314763518370058e-03 8.033264653793326483e-10
1.069126339173476084e-03 7.953292713282892516e-10
1.079028791516183647e-03 7.874257786195934025e-10
1.089022962263730540e-03 7.796148118937026082e-10
1.099109700929497193e-03 7.718952128257525306e-10
1.109289864895222780e-03 7.642250996712264632e-10
1.119564319483878348e-03 7.566446130233179931e-10
1.129933938033221693e-03 7.491526355713130682e-10
1.140399601970033122e-03 7.417480661732772317e-10
1.150962200885032299e-03 7.344298196203047022e-10
1.161622632608501782e-03 7.271580624193984893e-10
1.172381803286598597e-03 7.199710016887213304e-10
1.183240627458377906e-03 7.128675905282264314e-10
1.194200028133532475e-03 7.058467971760878081e-10
1.205260936870842505e-03 6.989076047921142097e-10
1.216424293857367930e-03 6.920121210634932979e-10
1.227691047988359102e-03 6.851967190864105914e-10
1.239062156947915577e-03 6.784604178542330671e-10
1.250538587290391272e-03 6.718022505534963160e-10
1.262121314522547276e-03 6.652212643652509156e-10
1.273811323186478574e-03 6.586814071237763972e-10
1.285609606943296460e-03 6.522173119884612927e-10
1.297517168657586796e-03 6.458280597135470168e-10
1.309535020482667771e-03 6.395127443814634169e-10
1.321664183946605082e-03 6.332704732210104421e-10
1.333905690039058692e-03 6.270669388264635656e-10
1.346260579298911089e-03 6.209351234874940722e-10
1.358729901902709127e-03 6.148741659474161862e-10
1.371314717753945684e-03 6.088832174880400875e-10
1.384016096573131502e-03 6.029614417637285209e-10
1.396835117988739789e-03 5.970761860216946500e-10
1.409772871628967679e-03 5.912588660598176050e-10
1.422830457214352027e-03 5.855086751784816593e-10
1.436008984651260603e-03 5.798248184980061008e-10
1.449309574126216591e-03 5.742065128077639724e-10
1.462733356201129922e-03 5.686226748389900916e-10
1.476281471909390982e-03 5.631032338966748456e-10
1.489955072852853580e-03 5.576474347280695247e-10
1.503755321299738400e-03 5.522545332494012414e-10
1.517683390283405343e-03 5.469237964093589711e-10
1.531740463702079740e-03 5.416256298724914453e-10
1.545927736419478457e-03 5.363885523640813620e-10
1.560246414366367983e-03 5.312118572747109718e-10
1.574697714643086797e-03 5.260948485776544428e-10
1.589282865622978049e-03 5.210368407061665473e-10
1.604003107056819902e-03 5.160096520256825522e-10
1.618859690178199150e-03 5.110404627875596907e-10
1.633853877809860388e-03 5.061286125165453296e-10
1.648986944471065013e-03 5.012734507961364523e-10
1.664260176485903671e-03 4.964743371592368257e-10
1.679674872092653225e-03 4.917044304762913759e-10
1.695232341554121433e-03 4.869896410882862109e-10
1.710933907269013374e-03 4.823293524298570367e-10
1.726780903884356060e-03 4.777229575310546063e-10
1.742774678408919205e-03 4.731698589210801280e-10
1.758916590327732569e-03 4.686444875507537658e-10
1.775208011717636101e-03 4.641715491258358788e-10
1.791650327363899543e-03 4.597504690448288156e-10
1.808244934877951829e-03 4.553806818978125901e-10
1.824993244816152391e-03 4.510616313830903046e-10
1.841896680799710861e-03 4.467689556279548824e-10
1.858956679635688372e-03 4.425262179339011833e-10
1.876174691439119486e-03 4.383328839918211589e-10
1.893552179756295304e-03 4.341884283393566100e-10
1.911090621689137941e-03 4.300923342904312568e-10
1.928791508020777801e-03 4.260213855283293668e-10
1.946656343342263208e-03 4.219980623734620389e-10
1.964686646180444432e-03 4.180218694114887837e-10
1.982883949127071596e-03 4.140923197891783480e-10
2.001249798969036847e-03 4.102089351569399278e-10
2.019785756819878538e-03 4.063495861913501962e-10
2.038493398252464155e-03 4.025357270775272530e-10
2.057374313432911404e-03 3.987669001746225872e-10
2.076430107255774777e-03 3.950426561773072970e-10
2.095662399480432980e-03 3.913625540715844629e-10
2.115072824868794756e-03 3.877054958069391300e-10
2.134663033324245458e-03 3.840919639278136392e-10
2.154434690031882104e-03 3.805215377277831232e-10
2.174389475600079814e-03 3.769938046720210270e-10
2.194529086203313769e-03 3.735083603668316680e-10
2.214855233726359396e-03 3.700450849497850226e-10
2.235369645909796640e-03 3.666235416920530259e-10
2.256074066496859074e-03 3.632433462742642788e-10
2.276970255381679901e-03 3.599041224488088204e-10
2.298059988758851136e-03 3.566055020237173085e-10
2.319345059274427381e-03 3.533282926758615477e-10
2.340827276178294395e-03 3.500911888670591099e-10
2.362508465477944960e-03 3.468938424227494300e-10
2.384390470093720581e-03 3.437359132076722293e-10
2.406475150015424062e-03 3.406170691249252010e-10
2.428764382460450386e-03 3.375189969841848211e-10
2.451260062033339647e-03 3.344595712239724816e-10
2.473964100886811429e-03 3.314384798951595583e-10
2.496878428884326609e-03 3.284554191270975881e-10
2.520004993764092018e-03 3.255100931428950026e-10
2.543345761304648036e-03 3.225850215313293424e-10
2.566902715491951956e-03 3.196973060456597243e-10
2.590677858688006114e-03 3.168466713881843786e-10
2.614673211801091940e-03 3.140328504558239034e-10
2.638890814457510187e-03 3.112555843729164428e-10
2.663332725174980854e-03 3.084981810196324317e-10
2.688001021537607393e-03 3.057770155905304871e-10
2.712897800372464623e-03 3.030918502384968554e-10
2.738025177927857611e-03 3.004424555106688697e-10
2.763385290053169997e-03 2.978286104003160280e-10
2.788980292380439669e-03 2.952343682715798474e-10
2.814812360507581122e-03 2.926754229214021951e-10
2.840883690183301346e-03 2.901515751593037276e-10
2.867196497493769945e-03 2.876626344800295310e-10
2.893753019050950264e-03 2.852084191363901810e-10
2.920555512182745027e-03 2.827736866630157808e-10
2.947606255124858490e-03 2.803734939132940988e-10
2.974907547214440586e-03 2.780076820066848062e-10
3.002461709085549064e-03 2.756761011395486938e-10
3.030271082866396216e-03 2.733786106811792045e-10
3.058338032378431822e-03 2.711006323283350003e-10
3.086664943337274428e-03 2.688566300121646433e-10
3.115254223555487950e-03 2.666464873105033871e-10
3.144108303147264728e-03 2.644700973815337650e-10
3.173229634734976452e-03 2.623273630856260890e-10
3.202620693657650189e-03 2.602043313851788652e-10
3.232283978181380805e-03 2.581149171714899626e-10
3.262222009711669788e-03 2.560590491807142059e-10
3.292437333007768984e-03 2.540366663575603069e-10
3.322932516398971556e-03 2.520477180060086520e-10
3.353710152002928671e-03 2.500788383696220818e-10
3.384772855945983230e-03 2.481434373608889967e-10
3.416123268585528460e-03 2.462414921917547117e-10
3.447764054734464220e-03 2.443729910508661596e-10
3.479697903887691603e-03 2.425379332867511412e-10
3.511927530450727804e-03 2.407235031428634327e-10
3.544455673970435625e-03 2.389426501386302708e-10
3.577285099367873231e-03 2.371954039737761276e-10
3.610418597173337477e-03 2.354818062504977088e-10
3.643858983763544404e-03 2.338019106932639881e-10
3.677609101601030626e-03 2.321434147469736444e-10
3.711671819475766913e-03 2.305188530283178557e-10
3.746050032748993088e-03 2.289283125208091337e-10
3.780746663599349276e-03 2.273718932143518226e-10
3.815764661271248397e-03 2.258497083664880445e-10
3.851107002325568872e-03 2.243499320730891545e-10
3.886776690892667502e-03 2.228847308627580518e-10
3.922776758927719494e-03 2.214542546866070659e-10
3.959110266468458469e-03 2.200586678079836376e-10
3.995780301895269192e-03 2.186981491107487461e-10
4.032789982193705006e-03 2.173613127866834726e-10
4.070142453219439092e-03 2.160600058817730833e-10
4.107840889965646940e-03 2.147944480064409690e-10
4.145888496832911101e-03 2.135648746186085911e-10
4.184288507901584922e-03 2.123715373854574941e-10
4.223044187206672490e-03 2.112034537611049095e-10
4.262158829015324536e-03 2.100722022262862646e-10
4.301635758106795056e-03 2.089780798891129638e-10
4.341478330055092809e-03 2.079214015016286046e-10
4.381689931514195016e-03 2.069024998824985543e-10
4.422273980505896963e-03 2.059107583367075400e-10
4.463233926710397266e-03 2.049575405935800358e-10
4.504573251759458330e-03 2.040432304041016051e-10
4.546295469532399616e-03 2.031682312574147820e-10
4.588404126454761513e-03 2.023329668730201773e-10
4.630902801799736956e-03 2.015271480879373989e-10
4.673795107992463616e-03 2.007619812486398290e-10
4.717084690917017036e-03 2.000379473856067076e-10
4.760775230226368428e-03 1.993555497016943213e-10
4.804870439655133628e-03 1.987153141437345828e-10
4.849374067335232921e-03 1.981072394897776124e-10
4.894289896114531989e-03 1.975424363702748976e-10
4.939621743878320863e-03 1.970214954359450163e-10
4.985373463873893699e-03 1.965450323327011516e-10
5.031548945038056761e-03 1.961136883640292805e-10
5.078152112327670442e-03 1.957177089797305202e-10
5.125186927053332862e-03 1.953681759014810315e-10
5.172657387216019441e-03 1.950658036899795688e-10
5.220567527846975073e-03 1.948113351684779489e-10
5.268921421350676766e-03 1.946055421890318234e-10
5.317723177850966487e-03 1.944388734714957069e-10
5.366976945540476510e-03 1.943224547323594406e-10
5.416686911033152113e-03 1.942571409628264845e-10
5.466857299720180412e-03 1.942438191929091240e-10
5.517492376129128420e-03 1.942834093766160796e-10
5.568596444286409188e-03 1.943665174598487494e-10
5.620173848083187887e-03 1.945043932409543745e-10
5.672228971644543115e-03 1.946980512170863945e-10
5.724766239702178301e-03 1.949485422833780493e-10
5.777790117970507157e-03 1.952569547543820162e-10
5.831305113526218976e-03 1.956140025413552087e-10
5.885315775191450431e-03 1.960311480331962678e-10
5.939826693920356553e-03 1.965095872361168472e-10
5.994842503189408769e-03 1.970505575814943859e-10
6.050367879391223974e-03 1.976553391034682714e-10
6.106407542232036509e-03 1.983147005524384758e-10
6.162966255132942307e-03 1.990404152502669894e-10
6.220048825634711363e-03 1.998338860715288963e-10
6.277660105806499857e-03 2.006965631089860885e-10
6.335804992658253774e-03 2.016299450302145231e-10
6.394488428556936721e-03 2.026247976983748819e-10
6.453715401646701634e-03 2.036933151564611650e-10
6.513490946272802555e-03 2.048371363554952032e-10
6.573820143409585606e-03 2.060579541359627261e-10
6.634708121092351002e-03 2.073575167897545245e-10
6.696160054853215332e-03 2.087265241328414802e-10
6.758181168161110294e-03 2.101777140051682279e-10
6.820776732865685421e-03 2.117129950571803739e-10
6.883952069645496441e-03 2.133343375075054892e-10
6.947712548460239883e-03 2.150437749404035783e-10
7.012063589007177036e-03 2.168318715842426459e-10
7.077010661181889518e-03 2.187120475453570104e-10
7.142559285543126184e-03 2.206865198620448565e-10
7.208715033782135163e-03 2.227575759753751286e-10
7.275483529196232965e-03 2.249275757968306271e-10
7.342870447166758088e-03 2.271868709691238578e-10
7.410881515641569613e-03 2.295497201372787570e-10
7.479522515621821015e-03 2.320186932288532478e-10
7.548799281653431614e-03 2.345964407351619485e-10
7.618717702322998914e-03 2.372856960889519131e-10
7.689283720758305352e-03 2.400765126649941361e-10
7.760503335133571261e-03 2.429841644795488324e-10
7.832382599179196422e-03 2.460116255227168969e-10
7.904927622696419562e-03 2.491619620316404119e-10
7.978144572076628638e-03 2.524383352239657017e-10
8.052039670825470244e-03 2.558304044422205112e-10
8.126619200091946341e-03 2.593546596236153631e-10
8.201889499202202546e-03 2.630145376527668211e-10
8.277856966198472027e-03 2.668135810919544116e-10
8.354528058382871408e-03 2.707554413229163725e-10
8.431909292866251668e-03 2.748292762158828095e-10
8.510007247122246266e-03 2.790530195111617394e-10
8.588828559546249353e-03 2.834306386122987258e-10
8.668379930019773361e-03 2.879662220369589907e-10
8.748668120479913615e-03 2.926639830273967187e-10
8.829699955494083041e-03 2.975124570478724626e-10
8.911482322840202572e-03 3.025312809973188466e-10
8.994022174092043687e-03 3.077250305176024977e-10
9.077326525210224414e-03 3.130984201039279826e-10
9.161402457138520528e-03 3.186563072532682622e-10
9.246257116405733056e-03 3.243864685226421346e-10
9.331897715733238757e-03 3.303105395421679866e-10
9.418331534647951184e-03 3.364337935028560261e-10
9.505565920101191960e-03 3.427616628320920529e-10
9.593608287093146128e-03 3.492997439595909144e-10
9.682466119303123619e-03 3.560349000998507508e-10
9.772146969725723983e-03 3.629911028382481159e-10
9.862658461312821118e-03 3.701744255364333883e-10
9.954008287621518916e-03 3.775911242110290135e-10
1.004620421346813161e-02 3.852476430084615445e-10
1.013925407558815411e-02 3.931297567314259830e-10
1.023316578330244961e-02 4.012641580222392179e-10
1.032794731918951388e-02 4.096578383205662108e-10
1.042360673976401239e-02 4.183179986251746322e-10
1.052015217616159015e-02 4.272520557825171005e-10
1.061759183483000114e-02 4.364444974000261457e-10
1.071593399822671176e-02 4.459251772891184226e-10
1.081518702552288110e-02 4.557021404300978926e-10
1.091535935331391059e-02 4.657836722688577064e-10
1.101645949633657008e-02 4.761783059396300277e-10
1.111849604819271052e-02 4.868690158439206298e-10
1.122147768207980290e-02 4.978893202561852747e-10
1.132541315152811416e-02 5.092484733226096573e-10
1.143031129114478565e-02 5.209560051574464020e-10
1.153618101736478448e-02 5.330217301381824230e-10
1.164303132920876775e-02 5.454268522172167654e-10
1.175087130904807486e-02 5.582091299678046111e-10
1.185971012337669328e-02 5.713792054857124120e-10
1.196955702359042868e-02 5.849480376151123425e-10
1.208042134677328981e-02 5.989269114748694491e-10
1.219231251649110712e-02 6.132949675280366770e-10
1.230524004359261590e-02 6.280948637446415538e-10
1.241921352701783401e-02 6.433388355545126772e-10
1.253424265461399421e-02 6.590394819773007984e-10
1.265033720395903824e-02 6.752097765620791140e-10
1.276750704319265690e-02 6.918264622462739151e-10
1.288576213185517981e-02 7.089378510333489401e-10
1.300511252173408572e-02 7.265580076280146651e-10
1.312556835771842845e-02 7.447014141269453146e-10
1.324713987866117486e-02 7.633829825808281645e-10
1.336983741824946531e-02 7.825766774514198233e-10
1.349367140588306549e-02 8.023373290067348993e-10
1.361865236756081357e-02 8.226811022690717453e-10
1.374479092677536630e-02 8.436246414489621657e-10
1.387209780541620932e-02 8.651850843697452545e-10
1.400058382468097502e-02 8.873331824230229203e-10
1.413025990599533696e-02 9.101312740561998793e-10
1.426113707194128291e-02 9.335979359776321157e-10
1.439322644719406505e-02 9.577522950613905677e-10
1.452653925946781159e-02 9.826140449099176618e-10
1.466108684046984502e-02 1.008150227957228952e-09
1.479688062686396362e-02 1.034431824840858388e-09
1.493393216124251806e-02 1.061480181653311651e-09
1.507225309310755539e-02 1.089317276175148900e-09
1.521185517986104775e-02 1.117965736892013051e-09
1.535275028780422671e-02 1.147388331417264699e-09
1.549495039314631624e-02 1.177665981749388570e-09
1.563846758302246329e-02 1.208823214293596773e-09
1.578331405652117977e-02 1.240885280776883179e-09
1.592950212572123020e-02 1.273878180082422456e-09
1.607704421673823714e-02 1.307759759318976211e-09
1.622595287078087284e-02 1.342622370266920299e-09
1.637624074521687456e-02 1.378494191735723863e-09
1.652792061464895476e-02 1.415404235401409491e-09
1.668100537200059227e-02 1.453382370874938930e-09
1.683550802961202367e-02 1.492380788106890021e-09
1.699144172034626130e-02 1.532504973870738162e-09
1.714881969870539133e-02 1.573787301754089603e-09
1.730765534195725930e-02 1.616261101734485971e-09
1.746796215127245644e-02 1.659960688959879003e-09
1.762975375287205784e-02 1.704831755993663797e-09
1.779304389918577242e-02 1.750994878074810116e-09
1.795784647002094878e-02 1.798487246710118462e-09
1.812417547374237797e-02 1.847347151673753809e-09
1.829204504846293836e-02 1.897614014048486514e-09
1.846146946324547441e-02 1.949226070977179857e-09
1.863246311931559748e-02 2.002321223843657076e-09
1.880504055128581417e-02 2.056942198038318027e-09
1.897921642839101378e-02 2.113132980179771328e-09
1.915500555573527997e-02 2.170938856046394558e-09
1.933242287555045347e-02 2.230289515493191312e-09
1.951148346846616477e-02 2.291342748970200790e-09
1.969220255479171497e-02 2.354147638404051804e-09
1.987459549580983947e-02 2.418754714129974493e-09
2.005867779508234069e-02 2.485215998436014660e-09
2.024446509976803726e-02 2.553451390170083942e-09
2.043197320195270367e-02 2.623641503829054120e-09
2.062121803999142355e-02 2.695842723163779921e-09
2.081221569986339143e-02 2.770113095337407278e-09
2.100498241653915230e-02 2.846512380911018035e-09
2.119953457536070951e-02 2.924949271953324328e-09
2.139588871343421628e-02 3.005630567426954561e-09
2.159406152103565332e-02 3.088621039175313452e-09
2.179406984302955860e-02 3.173987369422542511e-09
2.199593068030074663e-02 3.261798208151330466e-09
2.219966119119954825e-02 3.351949430244619987e-09
2.240527869300018224e-02 3.444677865803814457e-09
2.261280066337277225e-02 3.540057923120570825e-09
2.282224474186898486e-02 3.638166204560134726e-09
2.303362873142131284e-02 3.739081572421945584e-09
2.324697059985647921e-02 3.842685254205726029e-09
2.346228848142262527e-02 3.949248513310692759e-09
2.367960067833076165e-02 4.058856829209283499e-09
2.389892566231050300e-02 4.171598201335477508e-09
2.412028207618006903e-02 4.287563224679121982e-09
2.434368873543110365e-02 4.406616401455431235e-09
2.456916462982790261e-02 4.529068464747029600e-09
2.479672892502157722e-02 4.655017614274046177e-09
2.502640096417919208e-02 4.784564944089714075e-09
2.525820026962784584e-02 4.917814529343100840e-09
2.549214654451423256e-02 5.054611790533488579e-09
2.572825967447932294e-02 5.195312690502489176e-09
2.596655972934869619e-02 5.340030044806116214e-09
2.620706696483852613e-02 5.488879993418010720e-09
2.644980182427720053e-02 5.641982100305788240e-09
2.669478494034320873e-02 5.799160035436977505e-09
2.694203713681882217e-02 5.960821576707832024e-09
2.719157943036018890e-02 6.127096334684957900e-09
2.744343303228365463e-02 6.298117738461948667e-09
2.769761935036891068e-02 6.474023149935998260e-09
2.795415999067856622e-02 6.654611470411231778e-09
2.821307675939470697e-02 6.840349818429847296e-09
2.847439166467247845e-02 7.031387105024957984e-09
2.873812691851066262e-02 7.227876627448847756e-09
2.900430493863991738e-02 7.429976200312523774e-09
2.927294835042815874e-02 7.637456548847634782e-09
2.954407998880380012e-02 7.850852728368999179e-09
2.981772290019673449e-02 8.070335831307138415e-09
3.009390034449721182e-02 8.296081988579034537e-09
3.037263579703311511e-02 8.528272520069752021e-09
3.065395295056526706e-02 8.766646135444874241e-09
3.093787571730136771e-02 9.011815640614514157e-09
3.122442823092858033e-02 9.263977622513592027e-09
3.151363484866478992e-02 9.523334456049674958e-09
3.180552015332920035e-02 9.790094476768361841e-09
3.210010895543171511e-02 1.006396006191507647e-08
3.239742629528195167e-02 1.034563296548640107e-08
3.269749744511767781e-02 1.063533907958212142e-08
3.300034791125285027e-02 1.093331094552611926e-08
3.330600343624588733e-02 1.123978795197198978e-08
3.361449000108764767e-02 1.155443130242504435e-08
3.392583382740992082e-02 1.187804446692354027e-08
3.424006137971425529e-02 1.221088702635745311e-08
3.455719936762139538e-02 1.255322620059612685e-08
3.487727474814177747e-02 1.290533707576519161e-08
3.520031472796678745e-02 1.326683426790436726e-08
3.552634676578139694e-02 1.363863751123988980e-08
3.585539857459817126e-02 1.402104511906545410e-08
3.618749812411280187e-02 1.441436418117835007e-08
3.652267364308175307e-02 1.481891082460247718e-08
3.686095362172157885e-02 1.523424704447806595e-08
3.720236681413065932e-02 1.566142540238392827e-08
3.754694224073337055e-02 1.610078874809006416e-08
3.789470919074667404e-02 1.655269001534269804e-08
3.824569722466999305e-02 1.701749252092927020e-08
3.859993617679767508e-02 1.749469894138588799e-08
3.895745615775501186e-02 1.798551350592564909e-08
3.931828755705769896e-02 1.849033028138415791e-08
3.968246104569481819e-02 1.900955492153553298e-08
4.005000757873611317e-02 1.954360501010624390e-08
4.042095839796305823e-02 2.009191650416635691e-08
4.079534503452449112e-02 2.065586670942728678e-08
4.117319931161678853e-02 2.123590860103565959e-08
4.155455334718875099e-02 2.183250846895085408e-08
4.193943955667186335e-02 2.244614631132750720e-08
4.232789065573548670e-02 2.307618323256782767e-08
4.271993966306776580e-02 2.372419391506196483e-08
4.311561990318228677e-02 2.439069909930514665e-08
4.351496500925049887e-02 2.507623482729673630e-08
4.391800892596085804e-02 2.578135289364093261e-08
4.432478591240395643e-02 2.650533067050314564e-08
4.473533054498463057e-02 2.724996776400477125e-08
4.514967772036102001e-02 2.801586288236268806e-08
4.556786265841063915e-02 2.880363231989411191e-08
4.598992090522438514e-02 2.961391047424675992e-08
4.641588833612777382e-02 3.044588136784169804e-08
4.684580115873045181e-02 3.130160071382367836e-08
4.727969591600390820e-02 3.218175694378883746e-08
4.771760948938745528e-02 3.308705870301632495e-08
4.815957910192350533e-02 3.401823544345427205e-08
4.860564232142133845e-02 3.497436752291125098e-08
4.905583706365045787e-02 3.595780200440683435e-08
4.951020159556351191e-02 3.696933059290691421e-08
4.996877453854883799e-02 3.800976822965290604e-08
5.043159487171358646e-02 3.907995377191740188e-08
5.089870193519679953e-02 4.017885298617867367e-08
5.137013543351343775e-02 4.130914404392193636e-08
5.184593543892913187e-02 4.247173754747874981e-08
5.232614239486661767e-02 4.366757081312754806e-08
5.281079711934331261e-02 4.489760865021747364e-08
5.329994080844088072e-02 4.616069084252931874e-08
5.379361503980702869e-02 4.745987143056039106e-08
5.429186177618942899e-02 4.879619793682137343e-08
5.479472336900287344e-02 5.017074859992225395e-08
5.530224256192900478e-02 5.158463326747822186e-08
5.581446249454960484e-02 5.303655411530571878e-08
5.633142670601357788e-02 5.452999132645442527e-08
5.685317913873753209e-02 5.606615014289410954e-08
5.737976414214134013e-02 5.764627112957807707e-08
5.791122647641758214e-02 5.927163119761734052e-08
5.844761131633631479e-02 6.094078339839707286e-08
5.898896425508499269e-02 6.265769037144968072e-08
5.953533130814370189e-02 6.442373909356455759e-08
6.008675891719687107e-02 6.624035716900270118e-08
6.064329395408061402e-02 6.810901400179667842e-08
6.120498372476696619e-02 7.002810260264514467e-08
6.177187597338494596e-02 7.200213095282055323e-08
6.234401888627864180e-02 7.403269550779462793e-08
6.292146109610344262e-02 7.612143946018676807e-08
6.350425168595962011e-02 7.827005408276175898e-08
6.409244019356449829e-02 8.047676271705688978e-08
6.468607661546327270e-02 8.274668865853849635e-08
6.528521141127847927e-02 8.508166991188042402e-08
6.588989550799949357e-02 8.748359825853350246e-08
6.650018030431117944e-02 8.995442079510354190e-08
6.711611767496279690e-02 9.249218379806006394e-08
6.773775997517751668e-02 9.510270341128504915e-08
6.836516004510238831e-02 9.778809628517275888e-08
6.899837121430017761e-02 1.005505409613509197e-07
6.963744730628222690e-02 1.033922796346915116e-07
7.028244264308344813e-02 1.063111776336742268e-07
7.093341204987996251e-02 1.093138294436465528e-07
7.159041085964888695e-02 1.124026733023092575e-07
7.225349491787214085e-02 1.155802186963482906e-07
7.292272058728312134e-02 1.188490483794347712e-07
7.359814475265763489e-02 1.222068480786329619e-07
7.427982482564918221e-02 1.256610843429912910e-07
7.496781874966876313e-02 1.292145667452948902e-07
7.566218500481054765e-02 1.328701869045894028e-07
7.636298261282241373e-02 1.366309207972565022e-07
7.707027114212294805e-02 1.404942834061333010e-07
7.778411071286489564e-02 1.444687153730439441e-07
7.850456200204508628e-02 1.485574552899989688e-07
7.923168624866253062e-02 1.527638362610606544e-07
7.996554525892346499e-02 1.570912885490556232e-07
8.070620141149499605e-02 1.615371757702054959e-07
8.145371766280745662e-02 1.661110227923392867e-07
8.220815755240540312e-02 1.708165641791802050e-07
8.296958520834907258e-02 1.756576434086169778e-07
8.373806535266489770e-02 1.806382159039675820e-07
8.451366330684713379e-02 1.857555277606052430e-07
8.529644499741025065e-02 1.910203057113186753e-07
8.608647696149245021e-02 1.964368580861270927e-07
8.688382635251183650e-02 2.020096187816168948e-07
8.768856094587426653e-02 2.077431507330933022e-07
8.850074914473438081e-02 2.136346359810673545e-07
8.932045998580968871e-02 2.196961271229192986e-07
9.014776314524917955e-02 2.259325967561095513e-07
9.098272894455558535e-02 2.323491623164682019e-07
9.182542835656282154e-02 2.389510900562863872e-07
9.267593301146882789e-02 2.457355777426303910e-07
9.353431520292386503e-02 2.527161323101006152e-07
9.440064789417602908e-02 2.598984960467493778e-07
9.527500472427290201e-02 2.672885784055269066e-07
9.615746001432096124e-02 2.748924605636946280e-07
9.704808877380306786e-02 2.827074707804857533e-07
9.794696670695395013e-02 2.907487003897488984e-07
9.885417021919573610e-02 2.990227843563085129e-07
9.976977642363200893e-02 3.075365507064069939e-07
1.006938631476027024e-01 3.162970257561675421e-07
1.016265089392995175e-01 3.253018291952566042e-07
1.025677930744421928e-01 3.345677642031210942e-07
1.035177955630176283e-01 3.441025021299997987e-07
1.044765971560804169e-01 3.539139374664408327e-07
1.054442793526168404e-01 3.640101938434573040e-07
1.064209244064724669e-01 3.743894038925382680e-07
1.074066153333433360e-01 3.850702015262649923e-07
1.084014359178330916e-01 3.960614627054639074e-07
1.094054707205742438e-01 4.073723215236710551e-07
1.104188050854160164e-01 4.190121770998680965e-07
1.114415251466788076e-01 4.309799755810345062e-07
1.124737178364751955e-01 4.432962837298746541e-07
1.135154708920999012e-01 4.559713794345836462e-07
1.145668728634871431e-01 4.690158394994047436e-07
1.156280131207375328e-01 4.824405475734600953e-07
1.166989818617147484e-01 4.962456666420056196e-07
1.177798701197119297e-01 5.104537705113188887e-07
1.188707697711903349e-01 5.250767709469760292e-07
1.199717735435884280e-01 5.401269262639295100e-07
1.210829750232039481e-01 5.556168504633983351e-07
1.222044686631488658e-01 5.715484597267771133e-07
1.233363497913776002e-01 5.879463662306770025e-07
1.244787146187906202e-01 6.048243889462044858e-07
1.256316602474120137e-01 6.221967491635795443e-07
1.267952846786433996e-01 6.400780810453747330e-07
1.279696868215941530e-01 6.584727620159628717e-07
1.291549665014883885e-01 6.774074112831011295e-07
1.303512244681508947e-01 6.968980779820303709e-07
1.315585624045703950e-01 7.169612790468288681e-07
1.327770829355429116e-01 7.376140114353863071e-07
1.340068896363950657e-01 7.588640428026184092e-07
1.352480870417875347e-01 7.807398793955377309e-07
1.365007806546013891e-01 8.032601832558733899e-07
1.377650769549053633e-01 8.264441613534924058e-07
1.390410834090069769e-01 8.503115798004992922e-07
1.403289084785873109e-01 8.748748090672305661e-07
1.416286616299198831e-01 9.001639999686385386e-07
1.429404533431760937e-01 9.262008825463177670e-07
1.442643951218157417e-01 9.530078229594931104e-07
1.456005995020648591e-01 9.806078400884216011e-07
1.469491800624817268e-01 1.009019482990176584e-06
1.483102514336104294e-01 1.038274138394019896e-06
1.496839293077255606e-01 1.068397147440969308e-06
1.510703304486654130e-01 1.099414595662070930e-06
1.524695727017572888e-01 1.131353332483384332e-06
1.538817750038346255e-01 1.164240125452728924e-06
1.553070573933459930e-01 1.198106966311993448e-06
1.567455410205594868e-01 1.232983458042616362e-06
1.581973481578599905e-01 1.268900077197550319e-06
1.596626022101425013e-01 1.305888196973786580e-06
1.611414277253019889e-01 1.343985435286167716e-06
1.626339504048192330e-01 1.383223464307994454e-06
1.641402971144466372e-01 1.423636932049972981e-06
1.656605958949913526e-01 1.465261515076389265e-06
1.671949759731990170e-01 1.508133946024311870e-06
1.687435677727375793e-01 1.552306078663247307e-06
1.703065029252844309e-01 1.597807956966944896e-06
1.718839142817145671e-01 1.644680221192939324e-06
1.734759359233930820e-01 1.692964727253467392e-06
1.750827031735725237e-01 1.742704579859232175e-06
1.767043526088946659e-01 1.793970211754570765e-06
1.783410220710008043e-01 1.846788232557598958e-06
1.799928506782476345e-01 1.901206426551557065e-06
1.816599788375326818e-01 1.957274021143996002e-06
1.833425482562290598e-01 2.015041727235673406e-06
1.850407019542302245e-01 2.074604114314644685e-06
1.867545842761076103e-01 2.135981912663153099e-06
1.884843409033795381e-01 2.199231459398091435e-06
1.902301188668943932e-01 2.264410813487777498e-06
1.919920665593284892e-01 2.331579805549857107e-06
1.937703337477988952e-01 2.400864237283942739e-06
1.955650715865949185e-01 2.472275701600800763e-06
1.973764326300255501e-01 2.545880822817305632e-06
1.992045708453869246e-01 2.621748291620584382e-06
2.010496416260499075e-01 2.699948927366746107e-06
2.029118018046678074e-01 2.780648802097200316e-06
2.047912096665085446e-01 2.863846087978989674e-06
2.066880249629081956e-01 2.949619846807407782e-06
2.086024089248502689e-01 3.038051636677986005e-06
2.105345242766706038e-01 3.129225591116223737e-06
2.124845352498882789e-01 3.223359539279174649e-06
2.144526075971667500e-01 3.320432669182474860e-06
2.164389086064020251e-01 3.420539166598253542e-06
2.184436071149426228e-01 3.523776255726564520e-06
2.204668735239409816e-01 3.630244301324175674e-06
2.225088798128369294e-01 3.740227454669536826e-06
2.245697995539774061e-01 3.853678776860033350e-06
2.266498079273692734e-01 3.970710962214996980e-06
2.287490817355701811e-01 4.091440434799511269e-06
2.308677994187169624e-01 4.215987482424886198e-06
2.330061410696924740e-01 4.344721000949669661e-06
2.351642884494348495e-01 4.477558860942385532e-06
2.373424250023866144e-01 4.614636568013036180e-06
2.395407358720876845e-01 4.756094249704753304e-06
2.417594079169130827e-01 4.902076834248689372e-06
2.439986297259550130e-01 5.053061199623105726e-06
2.462585916350546744e-01 5.208918669273134319e-06
2.485394857429798487e-01 5.369813083723672710e-06
2.508415059277538384e-01 5.535914071533649943e-06
2.531648478631355337e-01 5.707397291682133632e-06
2.555097090352507205e-01 5.884876822520561215e-06
2.578762887593800679e-01 6.068163416049454065e-06
2.602647881969004651e-01 6.257456413475647945e-06
2.626754103723835665e-01 6.452962488526166881e-06
2.651083601908538756e-01 6.654895981378901707e-06
2.675638444552045359e-01 6.864044769561053377e-06
2.700420718837772682e-01 7.080142021646958737e-06
2.725432531281027915e-01 7.303431980989748464e-06
2.750676007908064435e-01 7.534168297580631227e-06
2.776153294436801144e-01 7.772614495188443320e-06
2.801866556459195468e-01 8.019777878280944175e-06
2.827817979625341094e-01 8.275293875845365254e-06
2.854009769829237708e-01 8.539464117821134387e-06
2.880444153396297668e-01 8.812602466261521811e-06
2.907123377272578524e-01 9.095035678486861188e-06
2.934049709215786894e-01 9.388047026175634676e-06
2.961225437988034281e-01 9.691151102390729028e-06
2.988652873550382560e-01 1.000472371726673625e-05
3.016334347259197468e-01 1.032915681921291983e-05
3.044272212064302874e-01 1.066485944975766581e-05
3.072468842709003556e-01 1.101346034829374704e-05
3.100926635931926523e-01 1.137432814968723937e-05
3.129648010670750269e-01 1.174793574761237599e-05
3.158635408267819189e-01 1.213477765679303343e-05
3.187891292677645927e-01 1.253537140698224239e-05
3.217418150676371602e-01 1.295177569508781514e-05
3.247218492073128959e-01 1.338318828747327331e-05
3.277294849923382269e-01 1.383021085962233444e-05
3.307649780744242318e-01 1.429347452528938992e-05
3.338285864731760921e-01 1.477364189973815358e-05
3.369205705980267140e-01 1.527330273261900333e-05
3.400411932703706341e-01 1.579146385684578155e-05
3.431907197459042602e-01 1.632890029399878542e-05
3.463694177371734462e-01 1.688642783199458742e-05
3.495775574363275129e-01 1.746490612187406763e-05
3.528154115380883193e-01 1.806757408147083250e-05
3.560832552629277781e-01 1.869324129569128857e-05
3.593813663804625858e-01 1.934291984510112198e-05
3.627100252330648367e-01 2.001767927300927870e-05
3.660695147596902399e-01 2.071865130171579006e-05
3.694601205199302685e-01 2.144985684524645893e-05
3.728821307182833555e-01 2.220993215811416281e-05
3.763358362286532977e-01 2.300021912362067996e-05
3.798215306190736440e-01 2.382214214045348717e-05
3.833395101766601254e-01 2.467721541775893913e-05
3.868900739327975624e-01 2.557038148671651870e-05
3.904735236885559790e-01 2.650018736328141144e-05
3.940901640403447481e-01 2.746844237726383739e-05
3.977403024058036585e-01 2.847707668792953426e-05
4.014242490499321803e-01 2.952815276083565072e-05
4.051423171114647559e-01 3.062766215333037937e-05
4.088948226294860100e-01 3.177426093443294646e-05
4.126820845702952045e-01 3.297043448725107300e-05
4.165044248545184957e-01 3.421884883599911293e-05
4.203621683844713797e-01 3.552236904480591428e-05
4.242556430717777105e-01 3.688811037254401370e-05
4.281851798652411278e-01 3.831524806957214209e-05
4.321511127789762208e-01 3.980726701336572988e-05
4.361537789208005944e-01 4.136792821063862600e-05
4.401935185208874501e-01 4.300129892546882731e-05
4.442706749606882832e-01 4.471555786983789818e-05
4.483855948021185922e-01 4.651119937141241426e-05
4.525386278170166476e-01 4.839322194746508836e-05
4.567301270168747096e-01 5.036705650765667500e-05
4.609604486828433600e-01 5.243861689669434677e-05
4.652299523960189420e-01 5.461678653034205680e-05
4.695390010680057791e-01 5.690489740075504804e-05
4.738879609717651098e-01 5.931030169047293691e-05
4.782772017727485170e-01 6.184104684418711864e-05
4.827070965603182939e-01 6.450596274806812299e-05
4.871780218794630746e-01 6.731365491876326133e-05
4.916903577628026212e-01 7.027315059789724023e-05
4.962444877628913176e-01 7.339557044569374475e-05
5.008407989848212560e-01 7.669318652069394250e-05
5.054796821191240852e-01 8.017957755919421549e-05
5.101615314749833319e-01 8.386080939841656290e-05
5.148867450137492030e-01 8.775700137876763114e-05
5.196557243827657491e-01 9.188550761197826749e-05
5.244688749495118874e-01 9.626565340118867871e-05
5.293266058360561743e-01 1.009190223042776067e-04
5.342293299538352080e-01 1.058442477495622511e-04
5.391774640387499984e-01 1.110828746561725943e-04
5.441714286865892980e-01 1.166629511088058648e-04
5.492116483887788947e-01 1.226160298527890027e-04
5.542985515684668574e-01 1.289777223989069244e-04
5.594325706169377410e-01 1.357288193012957782e-04
5.646141419303667419e-01 1.429525363661846037e-04
5.698437059469142474e-01 1.506960376493621928e-04
5.751217071841613349e-01 1.590129940017239363e-04
5.804485942768977669e-01 1.679647074406615459e-04
5.858248200152536000e-01 1.774917404323246367e-04
5.912508413831875087e-01 1.877599407421611075e-04
5.967271195973316011e-01 1.988522634781121981e-04
6.022541201461928395e-01 2.108643597038757406e-04
6.078323128297229427e-01 2.239069928002023803e-04
6.134621717992505552e-01 2.378308069428449736e-04
6.191441755977841188e-01 2.529706940966647863e-04
6.248788072006894456e-01 2.694801877840200519e-04
6.306665540567405470e-01 2.875390348119434341e-04
6.365079081295571539e-01 3.073587355137616384e-04
6.424033659394190465e-01 3.285837581689310329e-04
6.483534286054720708e-01 3.519100515720999809e-04
6.543586018883236211e-01 3.776384097046996558e-04
6.604193962330304757e-01 4.061272375954425029e-04
6.665363268124913088e-01 4.378061706342139007e-04
6.727099135712336642e-01 4.718200039117075115e-04
6.789406812696106019e-01 5.096795561167359644e-04
6.852291595284064618e-01 5.520107093769290735e-04
6.915758828738525210e-01 5.995742067597340788e-04
6.979813907830659803e-01 6.533014058375056490e-04
7.044462277299037289e-01 7.110147779402031885e-04
7.109709432312431021e-01 7.761882054524510887e-04
7.175560918936928489e-01 8.501946215245611725e-04
7.242022334607315370e-01 9.347372313569225983e-04
7.309099328602910450e-01 1.031946662289899086e-03
7.376797602527730424e-01 1.135675192466719914e-03
7.445122910795135551e-01 1.254454347682782203e-03
7.514081061116969495e-01 1.391317876208644040e-03
7.583677914997191127e-01 1.550082334788840683e-03
7.653919388230148169e-01 1.735595000109426940e-03
7.724811451403400531e-01 1.927667594450309168e-03
7.796360130405228794e-01 2.148522275797329784e-03
7.868571506936851145e-01 2.403759260935700668e-03
7.941451719029339884e-01 2.700407514532916428e-03
8.015006961565405152e-01 3.047662421568517969e-03
8.089243486805938188e-01 3.366270801374041111e-03
8.164167604921463983e-01 3.717355698424325196e-03
8.239785684528520004e-01 4.103665228082557445e-03
8.316104153230962082e-01 4.533910589409655134e-03
8.393129498166364000e-01 5.049164872287612016e-03
8.470868266557401993e-01 5.143412872610164666e-03
8.549327066268376241e-01 4.702745842749973468e-03
8.628512566366896008e-01 1.320974513610440352e-03
8.708431497690723999e-01 4.039172892153878279e-03
8.789090653419954213e-01 6.432439735153262783e-03
8.870496889654403416e-01 6.213460251829812722e-03
8.952657125996391629e-01 6.186913093020717479e-03
9.035578346138929406e-01 6.142138112239488648e-03
9.119267598459298574e-01 6.066382232033829154e-03
9.203731996618220723e-01 5.966569197063168427e-03
9.288978720164497993e-01 5.700262905601832450e-03
9.375015015145289343e-01 5.467493469686892163e-03
9.461848194722002336e-01 5.261756905156797851e-03
9.549485639791965852e-01 5.079508505077691416e-03
9.637934799615786030e-01 4.918136401827295431e-03
9.727203192450537550e-01 4.718226311060011793e-03
9.817298406188841309e-01 4.551278633356975988e-03
9.908228099003797418e-01 4.412240509530910085e-03
1.000000000000000000e+00 4.296992632432845155e-03
