6.434322621504794257e-11 6.671133882379888335e-11 6.921446640287693979e-11
6.910913330768856127e-11 7.148894705006083791e-11 7.399210568777079884e-11
7.422890851757719881e-11 7.660752780900903929e-11 7.910134145795892577e-11
7.972893643814370092e-11 8.209255291050009627e-11 8.455682698143769261e-11
8.562296233347742578e-11 8.797099316519218730e-11 9.040043165441316497e-11
9.196406494755928148e-11 9.427263098142220978e-11 9.664858784424115022e-11
9.876757412168565504e-11 1.010194254688017572e-10 1.033270444813349959e-10
1.060831394181466300e-10 1.082480998546831229e-10 1.104648276259077433e-10
1.139364749983686806e-10 1.160003912622240086e-10 1.180922883681777856e-10
1.223569549421037787e-10 1.242925521952577069e-10 1.262600686037477288e-10
1.313869916270610650e-10 1.331650570301540941e-10 1.349797201540964864e-10
1.410453111748257674e-10 1.426552896858367097e-10 1.442827955734863441e-10
1.512979590530891253e-10 1.527347037420937706e-10 1.541756997817913347e-10
1.620757637194663303e-10 1.633163745563107812e-10 1.645843354713088661e-10
1.730493428897786502e-10 1.741273259045720419e-10 1.752455507315251806e-10
1.834294916271982518e-10 1.844173564459622976e-10 1.854381170686570508e-10
1.913395361337923529e-10 1.922998497188865737e-10 1.932787909219984810e-10
1.928044612053051479e-10 1.937056650237387855e-10 1.946294044282233601e-10
1.809966327953815566e-10 1.817512542267916299e-10 1.825209914420065617e-10
1.498328984983580374e-10 1.504290076933363720e-10 1.510218125244324549e-10
1.042362668169648381e-10 1.047112480764698905e-10 1.051903180114687979e-10
6.098672879366940532e-11 6.130718360883292756e-11 6.161779715410681543e-11
3.145858511500253716e-11 3.166025686186746497e-11 3.186130090245310596e-11
1.508892075840132968e-11 1.523054646681842598e-11 1.537096142305379849e-11
6.981791707861564176e-12 7.078849002708552127e-12 7.173903100804642898e-12
3.179049045707785375e-12 3.239141222246792106e-12 3.298196392996217894e-12
1.437621020316877858e-12 1.472295359298423335e-12 1.506286326554925205e-12
6.482255158501085319e-13 6.672315824928239053e-13 6.862196420481058533e-13
2.918726283081131194e-13 3.020105153585844182e-13 3.121617806538270148e-13
1.313496690850975116e-13 1.366244849548992661e-13 1.419612191566057997e-13
5.909301240302679393e-14 6.179837553695626992e-14 6.454062651646047849e-14
2.658437127543969991e-14 2.794949879162130529e-14 2.934205850247311329e-14
1.195883675932981047e-14 1.263863990578493378e-14 1.333886881214429272e-14
5.379129665367716827e-15 5.715283915132865612e-15 6.065120666528260343e-15
2.419713616728766751e-15 2.584773775966935312e-15 2.757229671209602727e-15
1.088299548756227698e-15 1.168816448754580893e-15 1.253679569706522414e-15
4.895654373754880866e-16 5.285424193252542972e-16 5.700272775195941339e-16
2.202323385874578030e-16 2.390333606842012966e-16 2.591297065876169720e-16
9.908021982335825087e-17 1.081020430722961643e-16 1.178273918698940829e-16
4.456301382546813178e-17 4.888540383728471008e-17 5.358253447664648995e-17
2.004871995045333802e-17 2.210877471880710570e-17 2.435674201827528510e-17
9.019201992804609706e-18 9.997550938349955479e-18 1.107363599183601099e-17
4.056375697491923757e-18 4.521014054995299495e-18 5.035518939037739692e-18
1.824052321570007279e-18 2.044429636812203341e-18 2.289015742514110147e-18
8.204670809672189465e-19 9.245255586922357335e-19 1.040723816030221119e-18
3.690313888625733536e-19 4.180961392673897332e-19 4.731753326640769966e-19
1.659879222907997248e-19 1.890759847271688514e-19 2.151354906646272633e-19
7.465015264307822698e-20 8.551176724042207716e-20 9.780336630205859708e-20
3.358256914006376794e-20 3.867233717013145868e-20 4.446139851327638535e-20
1.510539514332411844e-20 1.748844372286055782e-20 2.021215768835075175e-20
6.795156835682031765e-21 7.908142924419580174e-21 9.190477478702589579e-21
3.056080839917622364e-21 3.576320100739056874e-21 4.178644231653097869e-21
1.374488438780989718e-21 1.617312118423312170e-21 1.899687996574442624e-21
6.181695589647216812e-22 7.313774988775166386e-22 8.637501769897838526e-22
2.780189552185591732e-22 3.307491186754709201e-22 3.927150321180668109e-22
1.250495201053203888e-22 1.495741175978161206e-22 1.785579022094670163e-22
5.624961557978391821e-23 6.763769416668050869e-23 8.118030468214942100e-23
2.529850056560980818e-23 3.058753668413651198e-23 3.690580902946808869e-23
1.137815218568932399e-23 1.383293738381249207e-23 1.678064973328635319e-23
5.117657752560188890e-24 6.255313684163910002e-24 7.629838100194616384e-24
2.302643003450852462e-24 2.828667415246049664e-24 3.469061445160420487e-24
1.035689634010248212e-24 1.279205256306624156e-24 1.577236594803096089e-24
4.658142129020101596e-25 5.784738954412165001e-25 7.170289443257090775e-25
2.094964235184408347e-25 2.615943894420592362e-25 3.259797425062172427e-25
9.425330292797788758e-26 1.183117525534891234e-25 1.482235728339374546e-25
4.239288039552136426e-26 5.349521116557546217e-26 6.738514820552292582e-26
1.906487177785310499e-26 2.419429108637218470e-26 3.063468672152428035e-26
8.575341787973018623e-27 1.094326240634699080e-26 1.392713081279664698e-26
3.857394480316526023e-27 4.948937887174399840e-27 6.331904507114092400e-27
1.734887727292605625e-27 2.238138320239651393e-27 2.878510579533896151e-27
7.802818823605008563e-28 1.012126797315290957e-27 1.308622476387767328e-27
3.509823332926935696e-28 4.577407330872578931e-28 5.949662780283140350e-28
1.578680172053237760e-28 2.069989277620896469e-28 2.704781347679191147e-28
7.101669765858031920e-29 9.359824915126840027e-29 1.229573363383281095e-28
3.194153717800831183e-29 4.232195772009225415e-29 5.590111496680988959e-29
1.436746746778472729e-29 1.914016224933585623e-29 2.541961603942639193e-29
6.462298988894819088e-30 8.655207810048242505e-30 1.155728974025466009e-29
2.906647394530571118e-30 3.913706673315042294e-30 5.254073213610237948e-30
1.307435845537824486e-30 1.769769282299716192e-30 2.388637429043299027e-30
5.880278174851485953e-31 8.003335676630464362e-31 1.086042956702898626e-30
2.644419187404225818e-31 3.619400230872520755e-31 4.937972922543946018e-31
1.189474331779439062e-31 1.636776525886664957e-31 2.245127993727942184e-31
5.350913413341503316e-32 7.403722845962441098e-32 1.020752710136392211e-31
2.407197195354675489e-32 3.347745551681358279e-32 4.641018063679422057e-32
1.082680692577680226e-32 1.514062426648619843e-32 2.109572817360536832e-32
4.869302865986139482e-33 6.846758018873240435e-33 9.591945591977203658e-33
2.189962383555254654e-33 3.096225143546232008e-33 4.360821973427822636e-33
9.849294143454927807e-34 1.400325228612801099e-33 1.982733117352242367e-33
4.429699460866803512e-34 6.333580325390256328e-34 9.015905749035639279e-34
1.992249850178912226e-34 2.864323316440034156e-34 4.099647585927512136e-34
8.958973392389571908e-35 1.295439212114568827e-34 1.863871145375133806e-34
4.029726244398462557e-35 5.858351380503745628e-35 8.473105261362334942e-35
1.812479258639533779e-35 2.649297540186140645e-35 3.852263944337188947e-35
8.151439696746992062e-36 1.198117894202285884e-35 1.751587744739000304e-35
3.666031283046562115e-36 5.418192018360305045e-36 7.963019057166983024e-36
1.648980452196203632e-36 2.450137726715219575e-36 3.619831807747832543e-36
7.416048770718285599e-37 1.108007687478273348e-36 1.645681048936755115e-36
3.335900821683356864e-37 5.011207747228147577e-37 7.481256422845954003e-37
1.500193780595683743e-37 2.266067743105737449e-37 3.401473942419390226e-37
6.745991560502323334e-38 1.024834832037999130e-37 1.546492938785317780e-37
