1.000000000000000000e-06 3.869067495520620000e-23
1.000000000000000000e-05 8.335653230424397000e-19
3.408614629977277778e-05 1.693468886718796703e-16
3.758986980681648622e-05 2.539898384113501395e-16
4.172502451990860970e-05 3.940264611924062625e-16
4.661817209733276304e-05 6.216835816360503070e-16
5.632590979171763022e-05 1.307096898992691130e-15
7.031135957542834997e-05 3.041276811076008810e-15
8.169233377804000027e-05 5.133810260891634932e-15
9.368528625270901777e-05 8.099977703965752816e-15
1.095620265324708604e-04 1.344413061610798758e-14
1.367657454948011271e-04 2.554237810866241718e-14
1.707240157264263466e-04 4.535760165799977196e-14
2.187476231387239006e-04 8.054504633098657649e-14
2.748485717006194707e-04 1.292462076236175295e-13
3.364435302428622765e-04 1.874075149610182609e-13
4.038613518086705623e-04 2.539898384113500954e-13
4.879611758016103831e-04 3.327942047978177345e-13
7.031135957542842315e-04 5.250730942290732556e-13
1.060463562368639491e-03 7.743261411545457275e-13
1.528044413120604452e-03 1.031854108599930494e-12
1.907450418030272495e-03 1.221709443905381247e-12
2.508611609325821137e-03 1.471134998725315152e-12
3.909020866048948731e-03 1.993801266108493601e-12
4.879611758016108927e-03 2.321114354376062189e-12
5.781488419261417676e-03 2.612409657920431648e-12
7.217003908699202303e-03 2.990342871810511518e-12
1.822314074655350183e-02 5.586176201585029677e-12
3.320828586686978834e-02 8.237943077874827134e-12
4.541755973186901302e-02 1.026061305617045595e-11
9.553664186653790247e-02 1.674508075917467619e-11
1.059560180000000000e-01 1.806538990000000000e-11
1.0843659700000000000e01 3.547948950000000000e-10
1.000000000000000000e02  1.222444870000000000e-09
