1.000000000000000082e-05 5.376084980145168121e-06
1.009262190987048422e-05 5.229429464808874547e-06
1.018610170155975315e-05 5.086829648235385503e-06
1.028044732093309699e-05 4.948172278146995721e-06
1.037566678745184839e-05 4.813347288588143839e-06
1.047176819485520245e-05 4.682053164254719288e-06
1.056875971184804981e-05 4.554336213842368897e-06
1.066664958279538781e-05 4.430151171863819831e-06
1.076544612842315894e-05 4.309399413025538967e-06
1.086515774652537261e-05 4.191985086824334324e-06
1.096579291267809966e-05 4.077645607472500906e-06
1.106736018095974517e-05 3.966421311722651832e-06
1.116986818467822625e-05 3.858272783792401045e-06
1.127332563710487184e-05 3.753114136211740175e-06
1.137774133221490236e-05 3.650861897921197685e-06
1.148312414543511069e-05 3.551287385232707554e-06
1.158948303439811801e-05 3.454425733861347781e-06
1.169682703970384617e-05 3.360242622048898213e-06
1.180516528568805612e-05 3.268663254985633842e-06
1.191450698119774729e-05 3.179614942179589416e-06
1.202486142037412267e-05 3.092898523924012893e-06
1.213623798344241821e-05 3.008544606252741818e-06
1.224864613750930810e-05 2.926523303359187068e-06
1.236209543736769112e-05 2.846769480414116777e-06
1.247659552630868525e-05 2.769219835122070737e-06
1.259215613694150976e-05 2.693700919077562581e-06
1.270878709202059429e-05 2.620239393296943478e-06
1.282649830528059917e-05 2.548809234853807403e-06
1.294529978227916069e-05 2.479353721259438649e-06
1.306520162124719865e-05 2.411817725877543245e-06
1.318621401394748594e-05 2.346050191333058144e-06
1.330834724654076001e-05 2.282074342792232060e-06
1.343161170046015399e-05 2.219867521159658874e-06
1.355601785329368979e-05 2.159380329787861058e-06
1.368157627967470456e-05 2.100564761769308168e-06
1.380829765218092365e-05 2.043289259300841632e-06
1.393619274224143468e-05 1.987574055119647899e-06
1.406527242105236405e-05 1.933399419373749580e-06
1.419554766050101529e-05 1.880722335085888157e-06
1.432702953409829478e-05 1.829500995526989728e-06
1.445972921792019565e-05 1.779620824436590237e-06
1.459365799155757585e-05 1.731099448288437104e-06
1.472882723907501804e-05 1.683919688022017073e-06
1.486524844997857153e-05 1.638044082363225998e-06
1.500293322019216782e-05 1.593436223976850345e-06
1.514189325304351951e-05 1.549996325315271902e-06
1.528214036025870806e-05 1.507739742893223709e-06
1.542368646296627532e-05 1.466651518874767527e-06
1.556654359271061883e-05 1.426699030142377886e-06
1.571072389247448757e-05 1.387850571396434537e-06
1.585623961771137294e-05 1.350019234170912073e-06
1.600310313738701696e-05 1.313218397904008947e-06
1.615132693503089535e-05 1.277435038988455351e-06
1.630092360979741085e-05 1.242640747592317089e-06
1.645190587753660725e-05 1.208807913161425616e-06
1.660428657187529514e-05 1.175860843302574763e-06
1.675807864530768815e-05 1.143811195445564546e-06
1.691329517029647124e-05 1.112647630288320625e-06
1.706994934038408082e-05 1.082345407119419220e-06
1.722805447131392224e-05 1.052880481275228255e-06
1.738762400216250392e-05 1.024186928196974430e-06
1.754867149648151891e-05 9.962749054432294899e-07
1.771121064345086685e-05 9.691345403776709225e-07
1.787525525904235524e-05 9.427442875265285145e-07
1.804081928719380908e-05 9.170832075666015575e-07
1.820791680099462562e-05 8.920938825673018414e-07
1.837656200388172389e-05 8.677851636748628536e-07
1.854676923084697663e-05 8.441484553934022345e-07
1.871855294965579252e-05 8.211649948087407445e-07
1.889192776207664550e-05 7.988165468707966349e-07
1.906690840512252017e-05 7.770531019473902172e-07
1.924350975230332110e-05 7.558823732564627778e-07
1.942174681489024571e-05 7.352968774000483408e-07
1.960163474319185636e-05 7.152802746453042932e-07
1.978318882784162123e-05 6.958166849481566455e-07
1.996642450109793374e-05 6.768625504856666952e-07
2.015135733815558378e-05 6.584245932818461640e-07
2.033800305846979900e-05 6.404962983145945639e-07
2.052637752709252056e-05 6.230634360699346851e-07
2.071649675602066959e-05 6.061121773525546224e-07
2.090837690555749843e-05 5.896045831812597971e-07
2.110203428568596656e-05 5.735465121794037460e-07
2.129748535745518782e-05 5.579322925453164463e-07
2.149474673437980673e-05 5.427495324423004972e-07
2.169383518385182289e-05 5.279861886501964076e-07
2.189476762856620837e-05 5.136092156307380177e-07
2.209756114795903079e-05 4.996237199047197166e-07
2.230223297965936262e-05 4.860247639038769313e-07
2.250880052095461772e-05 4.728015561274841544e-07
2.271728133026907441e-05 4.599436086668171452e-07
2.292769312865648647e-05 4.474221377038567333e-07
2.314005380130654141e-05 4.352415945897416969e-07
2.335438139906476958e-05 4.233976810825946043e-07
2.357069413996727640e-05 4.118809993302714642e-07
2.378901041078895599e-05 4.006824158632520772e-07
2.400934876860651764e-05 3.897768584389067690e-07
2.423172794237600676e-05 3.791682076613842701e-07
2.445616683452444078e-05 3.688527219694731955e-07
2.468268452255692542e-05 3.588222171670010969e-07
2.491130026067790961e-05 3.490687392951315509e-07
2.514203348142796490e-05 3.395704485838876566e-07
2.537490379733571647e-05 3.303307284181969092e-07
2.560993100258456690e-05 3.213463219493125966e-07
2.584713507469563873e-05 3.126101018914057084e-07
2.608653617622550639e-05 3.041151414607200689e-07
2.632815465648020122e-05 2.958424161243163357e-07
2.657201105324506616e-05 2.877948760875262081e-07
2.681812609453012821e-05 2.799696865441665339e-07
2.706652070033241139e-05 2.723606406176065334e-07
2.731721598441379118e-05 2.649617060384742542e-07
2.757023325609582679e-05 2.577563101523562479e-07
2.782559402207125977e-05 2.507470257615527115e-07
2.808331998823169760e-05 2.439313855297626048e-07
2.834343306151309184e-05 2.373039841181922909e-07
2.860595535175744877e-05 2.308595682449237707e-07
2.887090917359234806e-05 2.245837006946002544e-07
2.913831704832788665e-05 2.184786254468567014e-07
2.940820170587060722e-05 2.125421951138640360e-07
2.968058608665602425e-05 2.067697023760969708e-07
2.995549334359816181e-05 2.011565723329963805e-07
3.023294684405776334e-05 1.956902276284210528e-07
3.051297017182870932e-05 1.903726257326001953e-07
3.079558712914223269e-05 1.852018978251933838e-07
3.108082173869063645e-05 1.801739444572565401e-07
3.136869824566879892e-05 1.752847814972149018e-07
3.165924111983520818e-05 1.705234514511115026e-07
3.195247505759213607e-05 1.658916621350288629e-07
3.224842498408438932e-05 1.613877872623582221e-07
3.254711605531847757e-05 1.570082567491310803e-07
3.284857366030047033e-05 1.527496009358864846e-07
3.315282342319423014e-05 1.486022731813250383e-07
3.345989120549975091e-05 1.445677637492645814e-07
3.376980310825087640e-05 1.406446575095468039e-07
3.408258547423451975e-05 1.368298453768842744e-07
3.439826489022928348e-05 1.331203057210968412e-07
3.471686818926559409e-05 1.295077207297145041e-07
3.503842245290675507e-05 1.259933910764196807e-07
3.536295501355038955e-05 1.225760854651758197e-07
3.569049345675229896e-05 1.192530962728389937e-07
3.602106562357073851e-05 1.160217920370098124e-07
3.635469961293317630e-05 1.128749252509481509e-07
3.669142378402493983e-05 1.098136313549671474e-07
3.703126675869923475e-05 1.068368390959426583e-07
3.737425742391064343e-05 1.039421904656817006e-07
3.772042493417001620e-05 1.011273937810691306e-07
3.806979871402284228e-05 9.838613378384513417e-08
3.842240846055060586e-05 9.571940189773783217e-08
3.877828414589453094e-05 9.312626619627536953e-08
3.913745601980384264e-05 9.060467313524522262e-08
3.949995461220647160e-05 8.815262693014412629e-08
3.986581073580438997e-05 8.576462433687011173e-08
4.023505548869292872e-05 8.344153124465421026e-08
4.060772025700369657e-05 8.118253701511881787e-08
4.098383671757261184e-05 7.898585324843125565e-08
4.136343684063277602e-05 7.684974184532836302e-08
4.174655289253134888e-05 7.476940686288400725e-08
4.213321743847289172e-05 7.274560475617671376e-08
4.252346334528686112e-05 7.077763046813170544e-08
4.291732378422157766e-05 6.886392650190737111e-08
4.331483223376403243e-05 6.700297916545273008e-08
4.371602248248502334e-05 6.519060862103619116e-08
4.412092863191189777e-05 6.342747591556199432e-08
4.452958509942659792e-05 6.171296789698037996e-08
4.494202662119142105e-05 6.004572815239133846e-08
4.535828825510191179e-05 5.842443841684080339e-08
4.577840538376616169e-05 5.684545553333264080e-08
4.620241371751313139e-05 5.530935735989784774e-08
4.663034929742735962e-05 5.381561074140869150e-08
4.706224849841281693e-05 5.236303438102695315e-08
4.749814803228504342e-05 5.095048020359815675e-08
4.793808495089106934e-05 4.957477255986961964e-08
4.838209664925957121e-05 4.823641676474792782e-08
4.883022086877885140e-05 4.693494929164633124e-08
4.928249570040513461e-05 4.566934134568128238e-08
4.973895958790067998e-05 4.443859306361476611e-08
5.019965133110079395e-05 4.323993605866935479e-08
5.066461008921268477e-05 4.207381237784945630e-08
5.113387538414331267e-05 4.093981909550776231e-08
5.160748710385907483e-05 3.983706022522492304e-08
5.208548550577665455e-05 3.876466497624208153e-08
5.256791122018419400e-05 3.772021975392617573e-08
5.305480525369573859e-05 3.670411141888751264e-08
5.354620899273612700e-05 3.571598978635193718e-08
5.404216420705915271e-05 3.475507452827960590e-08
5.454271305329835997e-05 3.382060725880109611e-08
5.504789807854967469e-05 3.291048347612515396e-08
5.555776222398877724e-05 3.202504189624694493e-08
5.607234882852038467e-05 3.116397823186894959e-08
5.659170163246242386e-05 3.032661287816023636e-08
5.711586478126435033e-05 2.951228533914907844e-08
5.764488282925873171e-05 2.871916040335162214e-08
5.817880074344935527e-05 2.794753477830341364e-08
5.871766390733261363e-05 2.719714411607976234e-08
5.926151812475552303e-05 2.646739652873695960e-08
5.981040962380943893e-05 2.575771676979063659e-08
6.036438506075863543e-05 2.506650425094272817e-08
6.092349152400711648e-05 2.439401901859429493e-08
6.148777653810029084e-05 2.374003147697691453e-08
6.205728806776500081e-05 2.310402612844316421e-08
6.263207452198692193e-05 2.248550196805768980e-08
6.321218475812448011e-05 2.188306283596725396e-08
6.379766808606282991e-05 2.129693677764946248e-08
6.438857427240425525e-05 2.072692443353629090e-08
6.498495354469888900e-05 2.017257683247306818e-08
6.558685659571435525e-05 1.963345762476812826e-08
6.619433458774387382e-05 1.910834877924432133e-08
6.680743915695614712e-05 1.859745040213938256e-08
6.742622241778349222e-05 1.810058943863392304e-08
6.805073696735206717e-05 1.761737485412674393e-08
6.868103588995308007e-05 1.714742660588866399e-08
6.931717276155400522e-05 1.668968188378033028e-08
6.995920165435375016e-05 1.624431639510741330e-08
7.060717714137780261e-05 1.581117996730349218e-08
7.126115430111745026e-05 1.538993202172216886e-08
7.192118872221193494e-05 1.498024155244587302e-08
7.258733650817245705e-05 1.458118101695819828e-08
7.325965428215229914e-05 1.419290480975927658e-08
7.393819919175873207e-05 1.381528266120732112e-08
7.462302891391108092e-05 1.344801793407888647e-08
7.531420165974375832e-05 1.309082232800427160e-08
7.601177617955322144e-05 1.274288618754121123e-08
7.671581176779302693e-05 1.240434528485159725e-08
7.742636826811278249e-05 1.207508665976848779e-08
7.814350607844542675e-05 1.175485194325682034e-08
7.886728615614156353e-05 1.144339002685902817e-08
7.959777002314977982e-05 1.113999400241265811e-08
8.033501977124735203e-05 1.084478336551936918e-08
8.107909806731694959e-05 1.055766020802822809e-08
8.183006815867388940e-05 1.027839948850050807e-08
8.258799387844272151e-05 1.000678248878520936e-08
8.335293965098187206e-05 9.742191859734160130e-09
8.412497049736118173e-05 9.484732865870041002e-09
8.490415204088755570e-05 9.234320686148345962e-09
8.569055051268346837e-05 8.990759304155464504e-09
8.648423275731726594e-05 8.753858210512320403e-09
8.728526623848370818e-05 8.523078126469648611e-09
8.809371904473991286e-05 8.298511869320600968e-09
8.890965989529167504e-05 8.080085994937559865e-09
8.973315814583520257e-05 7.867629764981086247e-09
9.056428379445293972e-05 7.660977237297839433e-09
9.140310748756223216e-05 7.459657195217867255e-09
9.224970052592173923e-05 7.263751564698608170e-09
9.310413487069085011e-05 7.073196790118850869e-09
9.396648314954690162e-05 6.887844148124349916e-09
9.483681866285927585e-05 6.707549092490407500e-09
9.571521538991856182e-05 6.531899749571568086e-09
9.660174799522645947e-05 6.360968511259911452e-09
9.749649183484096449e-05 6.194700415124477870e-09
9.839952296278226841e-05 6.032965911078821240e-09
9.931091813749800526e-05 5.875639087046695623e-09
1.002307548283865436e-04 5.722359816251937216e-09
1.011591112223829728e-04 5.573192140716801511e-09
1.020960662306046523e-04 5.428088564000626581e-09
1.030416994950587503e-04 5.286936234519480261e-09
1.039960913954120295e-04 5.149625469193938977e-09
1.049593230558227707e-04 5.015841269976790544e-09
1.059314763518370031e-04 4.885640362394424050e-09
1.069126339173476057e-04 4.758981735162771789e-09
1.079028791516183647e-04 4.635767079996284954e-09
1.089022962263730567e-04 4.515900848231460915e-09
1.099109700929497193e-04 4.399107404246114663e-09
1.109289864895222780e-04 4.285437059007184094e-09
1.119564319483878348e-04 4.174854432980183266e-09
1.129933938033221666e-04 4.067273884264676962e-09
1.140399601970033122e-04 3.962612174493919010e-09
1.150962200885032326e-04 3.860628006115203496e-09
1.161622632608501891e-04 3.761366062919505470e-09
1.172381803286598597e-04 3.664795854650032955e-09
1.183240627458377961e-04 3.570842771228948213e-09
1.194200028133532475e-04 3.479434295999890602e-09
1.205260936870842587e-04 3.390359091371418456e-09
1.216424293857368039e-04 3.303656901496990102e-09
1.227691047988359264e-04 3.219301479500657756e-09
1.239062156947915523e-04 3.137227823617143503e-09
1.250538587290391272e-04 3.057372755429121583e-09
1.262121314522547384e-04 2.979551082099158954e-09
1.273811323186478520e-04 2.903798208648877325e-09
1.285609606943296460e-04 2.830091569757403911e-09
1.297517168657586742e-04 2.758374532258445824e-09
1.309535020482667609e-04 2.688592051128129547e-09
1.321664183946605190e-04 2.620581753389681720e-09
1.333905690039058638e-04 2.554375229567061600e-09
1.346260579298911035e-04 2.489953107252187966e-09
1.358729901902709127e-04 2.427266042224667282e-09
1.371314717753945468e-04 2.366266073566306913e-09
1.384016096573131502e-04 2.306810750364379315e-09
1.396835117988739626e-04 2.248928307131079273e-09
1.409772871628967624e-04 2.192602139432255981e-09
1.422830457214352027e-04 2.137789251730585594e-09
1.436008984651260766e-04 2.084447853394663528e-09
1.449309574126216591e-04 2.032452889818793470e-09
1.462733356201129868e-04 1.981829640311938101e-09
1.476281471909391145e-04 1.932563898924014002e-09
1.489955072852853580e-04 1.884618199927423066e-09
1.503755321299738291e-04 1.837956127133296871e-09
1.517683390283405451e-04 1.792467820574614581e-09
1.531740463702079740e-04 1.748175954868331798e-09
1.545927736419478403e-04 1.705068401320516189e-09
1.560246414366367928e-04 1.663112510853489787e-09
1.574697714643086743e-04 1.622276548616413290e-09
1.589282865622978103e-04 1.582463929939005836e-09
1.604003107056819902e-04 1.543695031390138171e-09
1.618859690178199096e-04 1.505959522308380438e-09
1.633853877809860280e-04 1.469228949168364170e-09
1.648986944471065013e-04 1.433475654825180627e-09
1.664260176485903616e-04 1.398614656517068421e-09
1.679674872092653225e-04 1.364664301143976359e-09
1.695232341554121379e-04 1.331615813409258961e-09
1.710933907269013374e-04 1.299444394416097597e-09
1.726780903884355897e-04 1.268125939011991645e-09
1.742774678408919205e-04 1.237585607230169331e-09
1.758916590327732731e-04 1.207839951297820142e-09
1.775208011717636101e-04 1.178881540427669542e-09
1.791650327363899435e-04 1.150688759248629396e-09
1.808244934877951721e-04 1.123240596743982320e-09
1.824993244816152445e-04 1.096471083311659657e-09
1.841896680799710861e-04 1.070395182373253741e-09
1.858956679635688372e-04 1.045006624477822233e-09
1.876174691439119540e-04 1.020286567482230983e-09
1.893552179756295359e-04 9.962166957435840441e-10
1.911090621689137778e-04 9.727388002459250595e-10
1.928791508020777693e-04 9.498664360505556597e-10
1.946656343342263208e-04 9.275943359566426249e-10
1.964686646180444540e-04 9.059060737047706296e-10
1.982883949127071325e-04 8.847856817279616779e-10
2.001249798969037010e-04 8.641817435381344835e-10
2.019785756819878484e-04 8.441065640906011448e-10
2.038493398252464264e-04 8.245557403049684026e-10
2.057374313432911621e-04 8.055149505773479437e-10
2.076430107255774669e-04 7.869702729376765098e-10
2.095662399480432926e-04 7.688762388565429893e-10
2.115072824868794756e-04 7.512440420624934717e-10
2.134663033324245458e-04 7.340700236973688310e-10
2.154434690031882321e-04 7.173416957461913886e-10
2.174389475600079977e-04 7.010469183887632200e-10
2.194529086203313715e-04 6.851454340942372183e-10
2.214855233726359179e-04 6.696474473230650450e-10
2.235369645909796640e-04 6.545499394002956280e-10
2.256074066496859128e-04 6.398420198093302550e-10
2.276970255381680010e-04 6.255131014251434800e-10
2.298059988758851082e-04 6.115274945324041720e-10
2.319345059274427543e-04 5.978945215012363043e-10
2.340827276178294449e-04 5.846117135949708631e-10
2.362508465477945068e-04 5.716695721651411166e-10
2.384390470093720473e-04 5.590588629307902659e-10
2.406475150015424170e-04 5.467479025375607334e-10
2.428764382460450548e-04 5.347452255275204428e-10
2.451260062033339864e-04 5.230488348538444742e-10
2.473964100886811538e-04 5.116504446336171016e-10
2.496878428884326717e-04 5.005419993604439339e-10
2.520004993764092018e-04 4.896953318196590583e-10
2.543345761304648361e-04 4.791182716984874256e-10
2.566902715491951956e-04 4.688092258233195592e-10
2.590677858688006222e-04 4.587609650771144641e-10
2.614673211801091831e-04 4.489664611117250049e-10
2.638890814457510296e-04 4.394006347217023603e-10
2.663332725174980963e-04 4.300706838418709341e-10
2.688001021537607393e-04 4.209753604251132295e-10
2.712897800372464623e-04 4.121083562410156087e-10
2.738025177927857720e-04 4.034635380379809628e-10
2.763385290053169780e-04 3.950185406158540158e-10
2.788980292380439777e-04 3.867799946256499640e-10
2.814812360507581339e-04 3.787469462846047686e-10
2.840883690183301021e-04 3.709138898927931259e-10
2.867196497493769728e-04 3.632754722638304276e-10
2.893753019050950264e-04 3.558117153873774422e-10
2.920555512182745244e-04 3.485287395442818055e-10
2.947606255124858598e-04 3.414258412069974510e-10
2.974907547214440586e-04 3.344982141111510488e-10
3.002461709085549389e-04 3.277411849363220883e-10
3.030271082866396216e-04 3.211368771905632480e-10
3.058338032378431388e-04 3.146909510844707672e-10
3.086664943337274645e-04 3.084029152918570293e-10
3.115254223555488059e-04 3.022685731803648751e-10
3.144108303147264728e-04 2.962838440139844763e-10
3.173229634734976343e-04 2.904327030257968313e-10
3.202620693657650080e-04 2.847203948635925681e-10
3.232283978181380805e-04 2.791466075227804474e-10
3.262222009711669896e-04 2.737076757754536092e-10
3.292437333007768767e-04 2.684000354389894809e-10
3.322932516398971773e-04 2.632092949681562105e-10
3.353710152002928996e-04 2.581403228796320495e-10
3.384772855945983230e-04 2.531929581050453672e-10
3.416123268585528460e-04 2.483639986754488598e-10
3.447764054734464112e-04 2.436503307292358654e-10
3.479697903887691386e-04 2.390390047320034045e-10
3.511927530450727588e-04 2.345345480508730344e-10
3.544455673970435734e-04 2.301369260713427921e-10
3.577285099367873231e-04 2.258433407190246872e-10
3.610418597173337151e-04 2.216510707552323804e-10
3.643858983763544296e-04 2.175484412547887532e-10
3.677609101601030626e-04 2.135396695129107900e-10
3.711671819475766804e-04 2.096248262751848981e-10
3.746050032748993088e-04 2.058014656455074406e-10
3.780746663599348950e-04 2.020672087431982289e-10
3.815764661271248614e-04 1.984115086247078217e-10
3.851107002325568655e-04 1.948383001641313456e-10
3.886776690892667719e-04 1.913477413144499683e-10
3.922776758927719386e-04 1.879376933030413967e-10
3.959110266468458469e-04 1.846060758165988646e-10
3.995780301895269734e-04 1.813433413945563121e-10
4.032789982193705223e-04 1.781531671305393364e-10
4.070142453219438875e-04 1.750357825841281738e-10
4.107840889965647048e-04 1.719893168536207540e-10
4.145888496832911426e-04 1.690119500416792992e-10
4.184288507901584705e-04 1.660950214958572069e-10
4.223044187206672164e-04 1.632419725240061462e-10
4.262158829015325078e-04 1.604530909049771681e-10
4.301635758106795273e-04 1.577267394094127525e-10
4.341478330055092592e-04 1.550613253165682642e-10
4.381689931514194582e-04 1.524489759219101995e-10
4.422273980505897289e-04 1.498929164146153530e-10
4.463233926710397158e-04 1.473934813247062670e-10
4.504573251759458222e-04 1.449492372989719406e-10
4.546295469532399291e-04 1.425587898326384687e-10
4.588404126454761296e-04 1.402149673723023140e-10
4.630902801799736631e-04 1.379207966063995101e-10
4.673795107992463507e-04 1.356766490114796009e-10
4.717084690917017252e-04 1.334812691492239413e-10
4.760775230226367994e-04 1.313334354974979043e-10
4.804870439655133953e-04 1.292266013940740638e-10
4.849374067335233355e-04 1.271636108390306017e-10
4.894289896114531989e-04 1.251448638919866363e-10
4.939621743878321080e-04 1.231692604090806070e-10
4.985373463873893265e-04 1.212357298645600218e-10
5.031548945038056761e-04 1.193382834333458826e-10
5.078152112327670659e-04 1.174795966472668556e-10
5.125186927053333079e-04 1.156600910336315986e-10
5.172657387216019441e-04 1.138788020331486347e-10
5.220567527846975506e-04 1.121347909591101597e-10
5.268921421350676549e-04 1.104225678150482580e-10
5.317723177850966487e-04 1.087446524792034755e-10
5.366976945540475642e-04 1.071014819115611961e-10
5.416686911033152330e-04 1.054922099634068982e-10
5.466857299720180412e-04 1.039160130945565350e-10
5.517492376129128854e-04 1.023678481621810791e-10
5.568596444286409188e-04 1.008500909639214063e-10
5.620173848083188321e-04 9.936318879220110746e-11
5.672228971644543115e-04 9.790639894457448836e-11
5.724766239702178735e-04 9.647899848266281085e-11
5.777790117970506940e-04 9.507634529331347562e-11
5.831305113526218760e-04 9.370068156857239976e-11
5.885315775191450214e-04 9.235246064150765334e-11
5.939826693920356769e-04 9.103103021731432630e-11
5.994842503189408769e-04 8.973575528650695940e-11
6.050367879391224625e-04 8.846235432281224810e-11
6.106407542232036075e-04 8.721294541588927609e-11
6.162966255132942741e-04 8.598798434655468914e-11
6.220048825634712014e-04 8.478689786746148840e-11
6.277660105806500508e-04 8.360912785665335775e-11
6.335804992658254208e-04 8.245071764145327521e-11
6.394488428556936938e-04 8.131366985148763134e-11
6.453715401646702068e-04 8.019843972640513587e-11
6.513490946272802555e-04 7.910452316938107326e-11
6.573820143409585173e-04 7.803142932705627211e-11
6.634708121092351002e-04 7.697549477047382595e-11
6.696160054853215549e-04 7.593861454840362046e-11
6.758181168161110511e-04 7.492124089222284835e-11
6.820776732865685421e-04 7.392293023466454812e-11
6.883952069645496224e-04 7.294325061249074204e-11
6.947712548460240100e-04 7.197880384241863040e-11
7.012063589007177470e-04 7.103138459449180797e-11
7.077010661181889735e-04 7.010144007548445710e-11
7.142559285543126617e-04 6.918857973975657483e-11
7.208715033782135597e-04 6.829242321785599301e-11
7.275483529196232748e-04 6.740981273931210905e-11
7.342870447166758088e-04 6.654244919662651412e-11
7.410881515641569396e-04 6.569077314508548431e-11
7.479522515621820798e-04 6.485444052406446960e-11
7.548799281653431614e-04 6.403311620601780996e-11
7.618717702322999347e-04 6.322386077552901997e-11
7.689283720758305352e-04 6.242828741519206180e-11
7.760503335133571478e-04 6.164682873853129737e-11
7.832382599179196639e-04 6.087918148144355678e-11
7.904927622696419996e-04 6.012505023118159008e-11
7.978144572076628855e-04 5.938169430392736797e-11
8.052039670825469593e-04 5.865064476630593162e-11
8.126619200091945907e-04 5.793232529101413213e-11
8.201889499202202980e-04 5.722646846304822579e-11
8.277856966198472461e-04 5.653281377814809822e-11
8.354528058382871408e-04 5.584880179706668135e-11
8.431909292866251451e-04 5.517588664404081554e-11
8.510007247122246699e-04 5.451448230419945409e-11
8.588828559546249353e-04 5.386435291235341663e-11
8.668379930019773794e-04 5.322526869696458876e-11
8.748668120479914266e-04 5.259483585227207219e-11
8.829699955494082608e-04 5.197443636107681389e-11
8.911482322840201704e-04 5.136447399337002646e-11
8.994022174092044554e-04 5.076474070203113637e-11
9.077326525210223113e-04 5.017503382477215042e-11
9.161402457138521178e-04 4.959311122625312896e-11
9.246257116405733924e-04 4.902028721908427178e-11
9.331897715733238540e-04 4.845695502162379357e-11
9.418331534647951184e-04 4.790293117080628518e-11
9.505565920101191743e-04 4.735803697466700840e-11
9.593608287093146345e-04 4.682016945367033497e-11
9.682466119303123836e-04 4.629057943060531522e-11
9.772146969725724417e-04 4.576964940315577665e-11
9.862658461312820684e-04 4.525721769568801125e-11
9.954008287621518049e-04 4.475312687363944640e-11
1.004620421346813248e-03 4.425540187221978144e-11
1.013925407558815411e-03 4.376523394927202084e-11
1.023316578330244831e-03 4.328299486058613460e-11
1.032794731918951518e-03 4.280854230669311959e-11
1.042360673976401152e-03 4.234173777307113599e-11
1.052015217616159145e-03 4.188072398875803990e-11
1.061759183483000071e-03 4.142663634854111632e-11
1.071593399822671090e-03 4.097983597686404838e-11
1.081518702552288110e-03 4.054019787979443743e-11
1.091535935331391146e-03 4.010760045773281428e-11
1.101645949633656921e-03 3.968029509803214829e-11
1.111849604819271095e-03 3.925936484149727034e-11
1.122147768207980290e-03 3.884516041071635574e-11
1.132541315152811546e-03 3.843757234905211676e-11
1.143031129114478739e-03 3.803649426193955975e-11
1.153618101736478534e-03 3.764027792643620855e-11
1.164303132920876775e-03 3.724995737392830294e-11
1.175087130904807617e-03 3.686587326371381947e-11
1.185971012337669371e-03 3.648793017807833943e-11
1.196955702359042868e-03 3.611603548142062143e-11
1.208042134677328851e-03 3.574863383439352918e-11
1.219231251649110712e-03 3.538671346592143142e-11
1.230524004359261634e-03 3.503060541251457834e-11
1.241921352701783358e-03 3.468022703947745184e-11
1.253424265461399551e-03 3.433549826150739282e-11
1.265033720395903781e-03 3.399494978707979239e-11
1.276750704319265777e-03 3.365952713792926031e-11
1.288576213185518111e-03 3.332955226564263280e-11
1.300511252173408528e-03 3.300495428230363028e-11
1.312556835771842671e-03 3.268566465973608600e-11
1.324713987866117399e-03 3.237029390724266301e-11
1.336983741824946661e-03 3.205974784830655950e-11
1.349367140588306375e-03 3.175433998268662972e-11
1.361865236756081400e-03 3.145401033402897302e-11
1.374479092677536717e-03 3.115870113577864598e-11
1.387209780541621062e-03 3.086709696746661522e-11
1.400058382468097589e-03 3.058006690211011432e-11
1.413025990599533653e-03 3.029791671620394225e-11
1.426113707194128248e-03 3.002059669593502974e-11
1.439322644719406375e-03 2.974805922445218745e-11
1.452653925946781202e-03 2.947905767286561318e-11
1.466108684046984459e-03 2.921442727575936391e-11
1.479688062686396275e-03 2.895446691297936626e-11
1.493393216124251719e-03 2.869913665913186001e-11
1.507225309310755452e-03 2.844839860814605107e-11
1.521185517986104949e-03 2.820107003840961548e-11
1.535275028780422714e-03 2.795795524837402488e-11
1.549495039314631537e-03 2.771934715084388436e-11
1.563846758302246112e-03 2.748521530165274645e-11
1.578331405652118108e-03 2.725553123227533398e-11
1.592950212572122977e-03 2.702917158671655145e-11
1.607704421673823627e-03 2.680691264690673108e-11
1.622595287078087110e-03 2.658904239857216523e-11
1.637624074521687283e-03 2.637553973371881642e-11
1.652792061464895606e-03 2.616638550967078116e-11
1.668100537200059227e-03 2.596051149040019869e-11
1.683550802961202323e-03 2.575866890672468183e-11
1.699144172034625999e-03 2.556114197749927553e-11
1.714881969870539046e-03 2.536791894628816696e-11
1.730765534195725843e-03 2.517899004504334066e-11
1.746796215127245774e-03 2.499333816579938431e-11
1.762975375287205784e-03 2.481169252983495460e-11
1.779304389918577242e-03 2.463433488215142441e-11
1.795784647002095051e-03 2.446126299507537460e-11
1.812417547374237711e-03 2.429247668645071292e-11
1.829204504846293749e-03 2.412700619971592690e-11
1.846146946324547485e-03 2.396556189706512058e-11
1.863246311931559835e-03 2.380842449091801713e-11
1.880504055128581460e-03 2.365560162587589907e-11
1.897921642839101508e-03 2.350710308456257344e-11
1.915500555573527823e-03 2.336200286517569952e-11
1.933242287555045260e-03 2.322099576571966572e-11
1.951148346846616304e-03 2.308436307412860577e-11
1.969220255479171497e-03 2.295212282480376328e-11
1.987459549580983600e-03 2.282429532004001716e-11
2.005867779508234156e-03 2.269999486380079288e-11
2.024446509976803900e-03 2.257990416817287605e-11
2.043197320195270540e-03 2.246430689352443339e-11
2.062121803999142529e-03 2.235323216668050629e-11
2.081221569986339229e-03 2.224671155230163401e-11
2.100498241653915316e-03 2.214389632899095913e-11
2.119953457536071038e-03 2.204546082745527898e-11
2.139588871343421454e-03 2.195169309203050972e-11
2.159406152103565419e-03 2.186263424438995097e-11
2.179406984302956034e-03 2.177832805752947357e-11
2.199593068030074750e-03 2.169795954404960186e-11
2.219966119119954652e-03 2.162219863154046915e-11
2.240527869300018224e-03 2.155134000445791597e-11
2.261280066337277312e-03 2.148543790017894706e-11
2.282224474186898746e-03 2.142454946874756685e-11
2.303362873142131284e-03 2.136789028157133998e-11
2.324697059985648094e-03 2.131613016781384588e-11
2.346228848142262267e-03 2.126957298753082775e-11
2.367960067833076079e-03 2.122828745604075376e-11
2.389892566231050126e-03 2.119234551576791726e-11
2.412028207618007077e-03 2.116099016460746271e-11
2.434368873543110365e-03 2.113489582307651140e-11
2.456916462982790088e-03 2.111437838161726417e-11
2.479672892502157722e-03 2.109952266486816848e-11
2.502640096417919208e-03 2.109041709837282270e-11
2.525820026962784671e-03 2.108632899721513704e-11
2.549214654451422910e-03 2.108794251353395087e-11
2.572825967447932034e-03 2.109558878814336101e-11
2.596655972934869619e-03 2.110937068867596905e-11
2.620706696483852353e-03 2.112939512425035265e-11
2.644980182427719966e-03 2.115495062424095839e-11
2.669478494034320699e-03 2.118673673612074457e-11
2.694203713681882304e-03 2.122510348879700314e-11
2.719157943036018890e-03 2.127017406812602163e-11
2.744343303228365376e-03 2.132207621753716621e-11
2.769761935036890721e-03 2.138011657158059208e-11
2.795415999067856535e-03 2.144501634160417954e-11
2.821307675939470957e-03 2.151714856007130910e-11
2.847439166467247759e-03 2.159665939405530400e-11
2.873812691851066348e-03 2.168370017000151304e-11
2.900430493863991651e-03 2.177759250480844062e-11
2.927294835042816134e-03 2.187908623778381269e-11
2.954407998880379926e-03 2.198858206655252743e-11
2.981772290019673362e-03 2.210625224432226936e-11
3.009390034449721096e-03 2.223227488307590904e-11
3.037263579703311511e-03 2.236598344469900896e-11
3.065395295056526793e-03 2.250816415706351503e-11
3.093787571730136510e-03 2.265925066853293434e-11
3.122442823092857773e-03 2.281944492858764425e-11
3.151363484866479339e-03 2.298895555631329374e-11
3.180552015332919948e-03 2.316712471464873880e-11
3.210010895543171858e-03 2.335478368931189357e-11
3.239742629528195514e-03 2.355240507736018074e-11
3.269749744511767954e-03 2.376022471374156801e-11
3.300034791125285374e-03 2.397848604130354092e-11
3.330600343624588386e-03 2.420653679308991788e-11
3.361449000108765288e-03 2.444526301485424701e-11
3.392583382740991908e-03 2.469518306293408276e-11
3.424006137971425789e-03 2.495657151202503659e-11
3.455719936762139538e-03 2.522971162906435241e-11
3.487727474814177487e-03 2.551395363410750535e-11
3.520031472796678832e-03 2.581024920515126822e-11
3.552634676578139260e-03 2.611917019452234716e-11
3.585539857459817126e-03 2.644103553620508595e-11
3.618749812411280273e-03 2.677617410833495149e-11
3.652267364308175480e-03 2.712393563778308312e-11
3.686095362172158059e-03 2.748534962766563475e-11
3.720236681413065759e-03 2.786105021738116173e-11
3.754694224073336969e-03 2.825140720163792493e-11
3.789470919074667578e-03 2.865680176368240888e-11
3.824569722466999305e-03 2.907658034144484239e-11
3.859993617679767074e-03 2.951186394132339406e-11
3.895745615775501273e-03 2.996335897989867050e-11
3.931828755705770589e-03 3.043149363175667346e-11
3.968246104569481472e-03 3.091670912572077899e-11
4.005000757873610970e-03 3.141834611569476811e-11
4.042095839796306170e-03 3.193763245347132493e-11
4.079534503452449112e-03 3.247535818476939120e-11
4.117319931161679374e-03 3.303201855918321539e-11
4.155455334718875619e-03 3.360812380094070161e-11
4.193943955667186335e-03 3.420300674699182949e-11
4.232789065573549017e-03 3.481801929286763467e-11
4.271993966306776754e-03 3.545404801007950760e-11
4.311561990318228677e-03 3.611166527888142653e-11
4.351496500925049540e-03 3.679146066792710858e-11
4.391800892596085977e-03 3.749275784677367113e-11
4.432478591240396164e-03 3.821705201403276624e-11
4.473533054498463057e-03 3.896534091319710865e-11
4.514967772036101654e-03 3.973828568677431162e-11
4.556786265841063742e-03 4.053656721763802916e-11
4.598992090522438167e-03 4.135949963660223985e-11
4.641588833612777208e-03 4.220874298085090479e-11
4.684580115873045354e-03 4.308542279041293550e-11
4.727969591600390473e-03 4.399030242936886816e-11
4.771760948938746048e-03 4.492416794434958299e-11
4.815957910192351227e-03 4.588632493034675969e-11
4.860564232142134018e-03 4.687862229688180066e-11
4.905583706365045267e-03 4.790233223828318494e-11
4.951020159556351191e-03 4.895833592196959762e-11
4.996877453854883626e-03 5.004754059074194231e-11
5.043159487171358993e-03 5.116924620322906807e-11
5.089870193519680126e-03 5.232551729726881343e-11
5.137013543351344122e-03 5.351779409528694726e-11
5.184593543892912840e-03 5.474709361781928710e-11
5.232614239486662287e-03 5.601446287456681025e-11
5.281079711934331088e-03 5.731920166951132798e-11
5.329994080844087725e-03 5.866361986529694920e-11
5.379361503980703563e-03 6.004934991493065361e-11
5.429186177618942899e-03 6.147756561582868993e-11
5.479472336900287170e-03 6.294947527123359603e-11
5.530224256192900478e-03 6.446438748995087263e-11
5.581446249454960484e-03 6.602489029860807875e-11
5.633142670601357267e-03 6.763283575606280777e-11
5.685317913873753209e-03 6.928957871231532966e-11
5.737976414214134013e-03 7.099651373840232612e-11
5.791122647641758041e-03 7.275297184940519473e-11
5.844761131633631479e-03 7.456185538946991698e-11
5.898896425508499790e-03 7.642526694817664615e-11
5.953533130814370189e-03 7.834477061981254475e-11
6.008675891719686586e-03 8.032197624543829488e-11
6.064329395408061575e-03 8.235625699773845407e-11
6.120498372476696446e-03 8.445086912800143768e-11
6.177187597338494422e-03 8.660820064131556528e-11
6.234401888627863660e-03 8.883005765139730627e-11
6.292146109610343568e-03 9.111829898642252639e-11
6.350425168595961664e-03 9.347236782459106323e-11
6.409244019356450175e-03 9.589591739595572184e-11
6.468607661546327617e-03 9.839166040973124782e-11
6.528521141127847059e-03 1.009616831497228592e-10
6.588989550799949878e-03 1.036081326785592486e-10
6.650018030431118291e-03 1.063305606307077005e-10
6.711611767496280211e-03 1.091330637045934858e-10
6.773775997517751668e-03 1.120187234827972875e-10
6.836516004510238484e-03 1.149899508884083975e-10
6.899837121430018629e-03 1.180492269672038608e-10
6.963744730628221996e-03 1.211962640823541477e-10
7.028244264308345507e-03 1.244356520898405350e-10
7.093341204987996598e-03 1.277708910033640329e-10
7.159041085964888522e-03 1.312047682997098013e-10
7.225349491787214085e-03 1.347401524186238056e-10
7.292272058728312828e-03 1.383769866713825366e-10
7.359814475265763489e-03 1.421204065299672623e-10
7.427982482564918221e-03 1.459743859215186024e-10
7.496781874966876834e-03 1.499421495874500947e-10
7.566218500481054592e-03 1.540270158273741721e-10
7.636298261282242067e-03 1.582292523441367975e-10
7.707027114212295846e-03 1.625545947374448279e-10
7.778411071286490432e-03 1.670075528147791419e-10
7.850456200204509669e-03 1.715918597171666954e-10
7.923168624866253756e-03 1.763113568038616065e-10
7.996554525892346499e-03 1.811667595760363547e-10
8.070620141149498911e-03 1.861644592306431341e-10
8.145371766280745662e-03 1.913095704856442842e-10
8.220815755240541353e-03 1.966064184099050812e-10
8.296958520834906564e-03 2.020594533888102618e-10
8.373806535266490117e-03 2.076700006854653855e-10
8.451366330684712339e-03 2.134451619279194645e-10
8.529644499741025759e-03 2.193907334292841014e-10
8.608647696149244674e-03 2.255117305021230163e-10
8.688382635251184691e-03 2.318133137652508586e-10
8.768856094587426653e-03 2.382976297072727065e-10
8.850074914473439122e-03 2.449725423457897903e-10
8.932045998580969218e-03 2.518446145264662553e-10
9.014776314524916914e-03 2.589196678361016175e-10
9.098272894455557494e-03 2.662036926028236470e-10
9.182542835656282154e-03 2.736999314217209113e-10
9.267593301146882789e-03 2.814170567130931250e-10
9.353431520292386156e-03 2.893624916469860303e-10
9.440064789417603949e-03 2.975430014285154440e-10
9.527500472427289507e-03 3.059655475670276821e-10
9.615746001432095430e-03 3.146348247417554181e-10
9.704808877380306092e-03 3.235603497177568505e-10
9.794696670695395360e-03 3.327505092431464495e-10
9.885417021919572569e-03 3.422131752514018282e-10
9.976977642363202281e-03 3.519564485191371664e-10
1.006938631476027128e-02 3.619869353164685522e-10
1.016265089392995140e-02 3.723150171691028325e-10
1.025677930744421824e-02 3.829501577459500934e-10
1.035177955630176179e-02 3.939015301298780539e-10
1.044765971560804134e-02 4.051785748257787039e-10
1.054442793526168438e-02 4.167904011622865627e-10
1.064209244064724669e-02 4.287482532051647145e-10
1.074066153333433360e-02 4.410627956583038495e-10
1.084014359178330986e-02 4.537447354407224264e-10
1.094054707205742438e-02 4.668050928602209968e-10
1.104188050854160164e-02 4.802562397279274285e-10
1.114415251466788215e-02 4.941102486466909933e-10
1.124737178364751920e-02 5.083791210518105705e-10
1.135154708920999012e-02 5.230753774395334611e-10
1.145668728634871396e-02 5.382119067748743605e-10
1.156280131207375328e-02 5.538053162499856995e-10
1.166989818617147553e-02 5.698684296074038000e-10
1.177798701197119331e-02 5.864147333680085762e-10
1.188707697711903315e-02 6.034588995952499419e-10
1.199717735435884385e-02 6.210160352469304833e-10
1.210829750232039412e-02 6.391082267578332803e-10
1.222044686631488727e-02 6.577489136743158416e-10
1.233363497913776002e-02 6.769532301955201023e-10
1.244787146187906202e-02 6.967384105701318227e-10
1.256316602474120102e-02 7.171222046328231089e-10
1.267952846786433996e-02 7.381337653918562748e-10
1.279696868215941634e-02 7.597869369805818350e-10
1.291549665014883955e-02 7.820986806028049049e-10
1.303512244681508982e-02 8.050892945714541864e-10
1.315585624045703846e-02 8.287796916070100676e-10
1.327770829355429116e-02 8.532081133928508035e-10
1.340068896363950761e-02 8.783884998109279576e-10
1.352480870417875451e-02 9.043398392190392544e-10
1.365007806546013856e-02 9.310861115030508433e-10
1.377650769549053529e-02 9.586520330783128821e-10
1.390410834090069665e-02 9.870875059288343902e-10
1.403289084785873213e-02 1.016406133476891924e-09
1.416286616299198761e-02 1.046629158999645522e-09
1.429404533431761007e-02 1.077785009272872217e-09
1.442643951218157417e-02 1.109903000022387011e-09
1.456005995020648487e-02 1.143047958580635522e-09
1.469491800624817164e-02 1.177232566771943324e-09
1.483102514336104467e-02 1.212480589463521753e-09
1.496839293077255502e-02 1.248825856366708299e-09
1.510703304486653992e-02 1.286303278443169702e-09
1.524695727017572923e-02 1.324996746774819765e-09
1.538817750038346324e-02 1.364917251117235661e-09
1.553070573933460104e-02 1.406091402161649260e-09
1.567455410205595076e-02 1.448559637179415088e-09
1.581973481578599974e-02 1.492363720140142212e-09
1.596626022101425152e-02 1.537611841794528381e-09
1.611414277253019750e-02 1.584312311143288546e-09
1.626339504048192330e-02 1.632494997109370569e-09
1.641402971144466372e-02 1.682208476554313580e-09
1.656605958949913457e-02 1.733502970218398694e-09
1.671949759731990170e-02 1.786517579900141436e-09
1.687435677727375585e-02 1.841256698369878363e-09
1.703065029252844378e-02 1.897754003227344029e-09
1.718839142817145740e-02 1.956068178995528120e-09
1.734759359233930751e-02 2.016259969323393861e-09
1.750827031735725098e-02 2.078507716316218421e-09
1.767043526088946798e-02 2.142810398920662983e-09
1.783410220710008112e-02 2.209206272644568584e-09
1.799928506782476345e-02 2.277766685282414869e-09
1.816599788375326818e-02 2.348565594820945392e-09
1.833425482562290806e-02 2.421831048980324972e-09
1.850407019542302245e-02 2.497554867039754995e-09
1.867545842761075825e-02 2.575781000643392950e-09
1.884843409033795311e-02 2.656596817905931903e-09
1.902301188668944001e-02 2.740093038789582983e-09
1.919920665593284614e-02 2.826560522367435631e-09
1.937703337477988952e-02 2.915982004970142744e-09
1.955650715865949255e-02 3.008408811065779442e-09
1.973764326300255292e-02 3.103948793522941969e-09
1.992045708453869107e-02 3.202714169743621327e-09
2.010496416260499145e-02 3.305074953737529125e-09
2.029118018046677935e-02 3.411002873519855827e-09
2.047912096665085308e-02 3.520559198303462328e-09
2.066880249629082095e-02 3.633878281142585467e-09
2.086024089248502897e-02 3.751100243012820751e-09
2.105345242766706176e-02 3.872694522419062473e-09
2.124845352498882720e-02 3.998620272559174553e-09
2.144526075971667570e-02 4.128952716763765469e-09
2.164389086064020390e-02 4.263860927269731574e-09
2.184436071149426298e-02 4.403521718783359924e-09
2.204668735239409885e-02 4.548528906803644361e-09
2.225088798128369363e-02 4.698828546479433647e-09
2.245697995539773853e-02 4.854516137991184513e-09
2.266498079273692942e-02 5.015806870078121611e-09
2.287490817355701880e-02 5.182926495730075201e-09
2.308677994187169694e-02 5.356623607812543420e-09
2.330061410696924670e-02 5.536832926408817933e-09
2.351642884494348565e-02 5.723680287133080172e-09
2.373424250023866214e-02 5.917443050886765668e-09
2.395407358720877053e-02 6.118413240792218302e-09
2.417594079169130966e-02 6.327530712186488607e-09
2.439986297259550199e-02 6.544725104222190502e-09
2.462585916350546605e-02 6.770168709633818147e-09
2.485394857429798487e-02 7.004224062429449648e-09
2.508415059277538731e-02 7.247274410824640275e-09
2.531648478631355614e-02 7.500493672381712748e-09
2.555097090352506997e-02 7.763821016633875942e-09
2.578762887593800956e-02 8.037501222161952401e-09
2.602647881969004373e-02 8.322015543643018559e-09
2.626754103723835665e-02 8.617875046978648879e-09
2.651083601908538895e-02 8.926536099852914535e-09
2.675638444552045150e-02 9.247977124679605715e-09
2.700420718837772543e-02 9.582557746320653642e-09
2.725432531281027707e-02 9.930927823047306452e-09
2.750676007908064644e-02 1.029378095847327577e-08
2.776153294436800936e-02 1.067290719842456095e-08
2.801866556459195468e-02 1.106838088130749584e-08
2.827817979625341094e-02 1.148074606347576279e-08
2.854009769829237569e-02 1.191089694034373439e-08
2.880444153396297807e-02 1.235979323436294687e-08
2.907123377272578454e-02 1.282960590832170978e-08
2.934049709215787172e-02 1.332060969953127178e-08
2.961225437988034351e-02 1.383364869292489477e-08
2.988652873550382699e-02 1.436997903387830089e-08
3.016334347259197121e-02 1.493095720923381991e-08
3.044272212064302874e-02 1.551916342341067777e-08
3.072468842709003348e-02 1.613526242722439612e-08
3.100926635931926592e-02 1.678059300208846476e-08
3.129648010670750546e-02 1.745696047356799383e-08
3.158635408267818773e-02 1.816632753904760892e-08
3.187891292677645649e-02 1.891166208592751772e-08
3.217418150676371741e-02 1.969436144063706102e-08
3.247218492073129098e-02 2.051659237150825361e-08
3.277294849923381714e-02 2.138101568401497427e-08
3.307649780744242179e-02 2.229054558102056745e-08
3.338285864731761060e-02 2.324840306884214639e-08
3.369205705980267418e-02 2.425733949787890124e-08
3.400411932703706341e-02 2.532093176758372186e-08
3.431907197459042880e-02 2.644321265296774841e-08
3.463694177371734462e-02 2.762863509781046939e-08
3.495775574363275268e-02 2.888029672341473175e-08
3.528154115380883332e-02 3.020344335654796577e-08
3.560832552629277642e-02 3.160410356899534785e-08
3.593813663804625719e-02 3.308858294688785993e-08
3.627100252330648505e-02 3.466390725049464701e-08
3.660695147596902677e-02 3.633216444207431370e-08
3.694601205199302130e-02 3.810322674300918144e-08
3.728821307182833555e-02 3.998749223468420658e-08
3.763358362286532699e-02 4.199517121208943803e-08
3.798215306190736579e-02 4.413775591241000000e-08
3.833395101766601254e-02 4.641435551768104555e-08
3.868900739327975347e-02 4.884355674484483570e-08
3.904735236885559929e-02 5.144378149820253201e-08
3.940901640403447759e-02 5.423222970262942942e-08
3.977403024058037001e-02 5.722848448155444004e-08
4.014242490499322219e-02 6.042434484862054120e-08
4.051423171114647281e-02 6.385521258461460933e-08
4.088948226294860516e-02 6.755478344919233725e-08
4.126820845702951907e-02 7.155336424759476064e-08
4.165044248545184818e-02 7.588591945371758493e-08
4.203621683844713935e-02 8.052722092186846136e-08
4.242556430717776828e-02 8.554620083243644016e-08
4.281851798652411278e-02 9.100690544301857517e-08
4.321511127789762208e-02 9.696553827496153363e-08
4.361537789208005944e-02 1.034879414987467415e-07
4.401935185208874501e-02 1.105090640731862218e-07
4.442706749606882555e-02 1.181675675195541220e-07
4.483855948021186338e-02 1.265909180021669672e-07
4.525386278170166754e-02 1.358895105955743330e-07
4.567301270168747096e-02 1.461949997999726863e-07
4.609604486828433600e-02 1.573450987699601706e-07
4.652299523960189143e-02 1.696309903538149088e-07
4.695390010680058207e-02 1.833203223242041169e-07
4.738879609717651376e-02 1.986437414027529188e-07
4.782772017727485170e-02 2.158819747910369346e-07
4.827070965603182801e-02 2.346153193823512341e-07
4.871780218794630885e-02 2.554874954014254696e-07
4.916903577628026212e-02 2.790935255750537070e-07
4.962444877628913176e-02 3.059433791750043394e-07
5.008407989848212560e-02 3.366712586627340036e-07
5.054796821191240297e-02 3.700860092086824242e-07
5.101615314749833457e-02 4.076844275397527669e-07
5.148867450137492585e-02 4.508489302895634807e-07
5.196557243827657629e-02 5.007280329266723274e-07
5.244688749495118874e-02 5.587744043686078351e-07
5.293266058360561466e-02 6.210609945252836010e-07
5.342293299538352497e-02 6.911389800756668156e-07
5.391774640387499845e-02 7.721523796702375203e-07
5.441714286865893119e-02 8.663620469005111604e-07
5.492116483887789224e-02 9.766549110079266676e-07
5.542985515684668851e-02 1.087487092759459844e-06
5.594325706169377826e-02 1.206752216787946385e-06
5.646141419303667142e-02 1.340407321255067554e-06
5.698437059469142058e-02 1.490925939193391766e-06
5.751217071841613349e-02 1.664558543415452488e-06
5.804485942768977669e-02 1.782857946750647617e-06
5.858248200152536139e-02 1.844186043682879171e-06
5.912508413831875365e-02 1.785018879011577923e-06
5.967271195973316428e-02 1.069135542862198680e-06
6.022541201461927701e-02 1.789535958350195155e-06
6.078323128297229844e-02 2.151787250318974400e-06
6.134621717992506246e-02 2.228743876850916027e-06
6.191441755977841049e-02 2.270042454629316600e-06
6.248788072006894456e-02 2.280036798653228479e-06
6.306665540567406303e-02 2.268998664927659075e-06
6.365079081295571539e-02 2.188130534456335901e-06
6.424033659394190465e-02 2.101309709516929878e-06
6.483534286054720708e-02 2.023345866818878745e-06
6.543586018883235100e-02 1.952808760405687889e-06
6.604193962330305590e-02 1.888997458225363840e-06
6.665363268124913088e-02 1.811143702266370513e-06
6.727099135712336087e-02 1.739838996670250029e-06
6.789406812696105464e-02 1.679693016810008988e-06
6.852291595284064341e-02 1.629053211593171237e-06
6.915758828738524655e-02 1.586554413624326488e-06
6.979813907830660635e-02 1.542725049159307188e-06
7.044462277299036457e-02 1.505498665562829626e-06
7.109709432312431854e-02 1.476273966890246408e-06
7.175560918936928212e-02 1.453945591253298493e-06
7.242022334607314815e-02 1.437609206659296087e-06
7.309099328602911005e-02 1.423126967140832007e-06
7.376797602527730702e-02 1.413863550643955365e-06
7.445122910795134996e-02 1.410269503211578334e-06
7.514081061116970051e-02 1.411763886736033142e-06
7.583677914997190295e-02 1.417875995665925304e-06
7.653919388230147336e-02 1.427314789226699523e-06
7.724811451403400253e-02 1.441435809827279993e-06
7.796360130405229072e-02 1.460307382397249675e-06
7.868571506936851423e-02 1.483684165695828596e-06
7.941451719029339607e-02 1.511387572172911681e-06
8.015006961565404597e-02 1.543964415646830931e-06
8.089243486805938743e-02 1.581658438620000206e-06
8.164167604921464261e-02 1.624330389956820986e-06
8.239785684528519449e-02 1.671985169410320683e-06
8.316104153230961804e-02 1.724686684647662100e-06
8.393129498166364277e-02 1.784483116021793499e-06
8.470868266557401993e-02 1.850852857591996112e-06
8.549327066268376518e-02 1.923544620109071964e-06
8.628512566366895731e-02 2.002833073529389794e-06
8.708431497690724554e-02 2.089074913797068577e-06
8.789090653419955046e-02 2.185780410000213221e-06
8.870496889654402861e-02 2.291825488964092417e-06
8.952657125996391074e-02 2.406971382350277925e-06
9.035578346138929684e-02 2.531889332733651772e-06
9.119267598459297741e-02 2.667396912641012397e-06
9.203731996618221001e-02 2.818432673220699332e-06
9.288978720164497993e-02 2.983443580270844081e-06
9.375015015145289621e-02 3.162456922967563633e-06
9.461848194722001504e-02 3.356806291009519637e-06
9.549485639791965852e-02 3.568106113201826591e-06
9.637934799615785475e-02 3.802102564130545111e-06
9.727203192450536995e-02 4.057231991681275790e-06
9.817298406188841586e-02 4.334333923640401454e-06
9.908228099003797695e-02 4.635837605709047554e-06
1.000000000000000056e-01 4.964713784524362635e-06
