1.741876294280738221e-18 1.940770672742369335e-16 2.016519980301706442e-15
2.517924670741029175e-18 2.488781958184643334e-16 2.408020730184766899e-15
3.705999677203658255e-18 3.156721550861567911e-16 2.858112786715408906e-15
5.459999980032742026e-18 4.021695636630004898e-16 3.396412046382556764e-15
8.030707871300858421e-18 5.119312846871057997e-16 4.032509393531846074e-15
1.173248024635819646e-17 6.552586194478479263e-16 4.802931672247480322e-15
1.712880533580591544e-17 8.362208378418184148e-16 5.719999104817934080e-15
2.503512844234602921e-17 1.067085752381508286e-15 6.808875102876206196e-15
3.675538836867780544e-17 1.366722665058344511e-15 8.138482557911753441e-15
5.434268228439745194e-17 1.742982123291255677e-15 9.675069898159995024e-15
7.886414801475146835e-17 2.215407799464223268e-15 1.149465530724206631e-14
1.156582191389272506e-16 2.821494583777385882e-15 1.370263483533154944e-14
1.693701474768271144e-16 3.592941230006463274e-15 1.634663406700132473e-14
2.466471286910525648e-16 4.591855971833791156e-15 1.941676061947713695e-14
3.625755130099718883e-16 5.876804781826128084e-15 2.318834354064592738e-14
5.302546233315881203e-16 7.514658253228280762e-15 2.766669052777377282e-14
7.798582098745393072e-16 9.612010519180831526e-15 3.301843465093732802e-14
1.135431867209243868e-15 1.224613427616274082e-14 3.933139675333721994e-14
1.640264800239784406e-15 1.565799036375804360e-14 4.690010810701298323e-14
2.373995494015881371e-15 1.996054789288270451e-14 5.602762990625995488e-14
3.471651804385409502e-15 2.544070659975890735e-14 6.689246039229375492e-14
5.096491094894828187e-15 3.244934907970706793e-14 8.012888174800533308e-14
7.477373426491829482e-15 4.136275218725916102e-14 9.607234420069008478e-14
1.075969172282162608e-14 5.285494305325620481e-14 1.149644988105145260e-13
1.552388632470565999e-14 6.725508651761078948e-14 1.376367362879759470e-13
2.226250350922376414e-14 8.569118123482295910e-14 1.658131230846763565e-13
3.178915056009674369e-14 1.092272302406453755e-13 1.995661646885950795e-13
4.458285736643297857e-14 1.391693299076302785e-13 2.416914206599913507e-13
6.192877264400870183e-14 1.769267049625442942e-13 2.927306848351050258e-13
8.468009101227822360e-14 2.259712621596678533e-13 3.567512551204722394e-13
1.135527814355636961e-13 2.868306043865723558e-13 4.392758404895377589e-13
1.494124267488270059e-13 3.630276046737356012e-13 5.453314487112440114e-13
1.958716446900652623e-13 4.534166215658498989e-13 6.795502146203666193e-13
2.538031563166834028e-13 5.629284694957241533e-13 8.524100811183445386e-13
3.224680276419280984e-13 6.905641537835917851e-13 1.074564086096247595e-12
4.063395935691680198e-13 8.443713933979149572e-13 1.358486925727339996e-12
5.047294689912459406e-13 1.025864228484864714e-12 1.714826666643821829e-12
6.257537552890341131e-13 1.240145694838632351e-12 2.151592351447530395e-12
7.640630330582973063e-13 1.495984090714805331e-12 2.684053874240503475e-12
9.268640762830890835e-13 1.801171075038909500e-12 3.315765347878765454e-12
1.121834788659040197e-12 2.153369863638990205e-12 4.030087811213479486e-12
1.351231549144758431e-12 2.572101079084779959e-12 4.836771821549592620e-12
1.611704292333404272e-12 3.061812770943329211e-12 5.741770806462315958e-12
1.915423895158581507e-12 3.635806123274054349e-12 6.741773511768193824e-12
2.272827730064991296e-12 4.310094014708038040e-12 7.845798848549602303e-12
2.678428767121515053e-12 5.082023722203330135e-12 9.035346034355245913e-12
3.149999808918291792e-12 5.983576697305917122e-12 1.033919612607566639e-11
3.694004163823265011e-12 7.005482176590331263e-12 1.175020165261203594e-11
4.318616531755270278e-12 8.162824196673120924e-12 1.327938616210996398e-11
5.026047309289783976e-12 9.475638208155063771e-12 1.494888325876563040e-11
5.847269574273355094e-12 1.093575570086294869e-11 1.678890922369487434e-11
6.790764990718531578e-12 1.256283338143247595e-11 1.877765362325870780e-11
7.883258402256994573e-12 1.437252376435792882e-11 2.094906829049663296e-11
9.139403844440747116e-12 1.634483462295606274e-11 2.338880446787179209e-11
1.055755886288307454e-11 1.853339162287885222e-11 2.606021240307503570e-11
1.218377859398914709e-11 2.092403591761036568e-11 2.896787580543469896e-11
1.403455708021417687e-11 2.354955281876359938e-11 3.213993197661323674e-11
1.611469219703546620e-11 2.642407194976767294e-11 3.563455155561146034e-11
1.850253623281026871e-11 2.964077187270317248e-11 3.950324676307072784e-11
2.119633324639102378e-11 3.312694634722828845e-11 4.375823331868083099e-11
2.415409645525795722e-11 3.696274962281394984e-11 4.841727093950139366e-11
2.755793746075241390e-11 4.115830248136192348e-11 5.356518950287178448e-11
3.129310043211660787e-11 4.580240392429398544e-11 5.923476336712081331e-11
3.542914290664660331e-11 5.088336585779294522e-11 6.545073047703434733e-11
4.003178473356445196e-11 5.651752208410505576e-11 7.231008424003610750e-11
4.520459050485328840e-11 6.269119277177502954e-11 7.978615057974787615e-11
5.098259508433143829e-11 6.950769221968107592e-11 8.797818925478292262e-11
5.727160746299435018e-11 7.690766045534334859e-11 9.708152540774327406e-11
6.412643058336790867e-11 8.507123591749099514e-11 1.070712758866035400e-10
7.169056062670067342e-11 9.416391984796766935e-11 1.180128224434974886e-10
7.998129537727530270e-11 1.040691658916387895e-10 1.301095359393741694e-10
8.914560132717937220e-11 1.150725930212020485e-10 1.433165058488300177e-10
9.906550594661255211e-11 1.270279187345815944e-10 1.579371579920416181e-10
1.100007851493792953e-10 1.403029024052082826e-10 1.740257773646049846e-10
1.220477593457518154e-10 1.548474544723190998e-10 1.915741744492054041e-10
1.351436838725497870e-10 1.707962333821038678e-10 2.109698758391061870e-10
1.497174058588229293e-10 1.883714872899274285e-10 2.321980386104758374e-10
1.658866281858400578e-10 2.075276918727263124e-10 2.554427525587099789e-10
1.834833971995141920e-10 2.285571505464006997e-10 2.809760394629766496e-10
2.028222661482292471e-10 2.518836501363873882e-10 3.087700854853037386e-10
2.238809796299033967e-10 2.774036995856933907e-10 3.395714218211140793e-10
2.473716643582591858e-10 3.054803832330927074e-10 3.735274385942922886e-10
2.724694086177550876e-10 3.361362847898760488e-10 4.107443762031803359e-10
3.007461184460641926e-10 3.698454217237065033e-10 4.516939167418790385e-10
3.315316790532019155e-10 4.069267659952630643e-10 4.966654855440309506e-10
3.653288638622451506e-10 4.479047982914043202e-10 5.463194213662813416e-10
4.023811317606916000e-10 4.927711531934564860e-10 6.006390815744764047e-10
4.432418015380660071e-10 5.418430615707000185e-10 6.604554983683415997e-10
4.878642597558026988e-10 5.959760466453077377e-10 7.254712293407643253e-10
5.365340482665297603e-10 6.551994162111700036e-10 7.977659404996109223e-10
5.908829226929287850e-10 7.200898725821813686e-10 8.764240389774640021e-10
6.500943980547944536e-10 7.918286258678452463e-10 9.629645342575716824e-10
7.151935468261958599e-10 8.704856384085688929e-10 1.057707103666555785e-09
7.860420220923724979e-10 9.563898422947096066e-10 1.161984084002506676e-09
8.644748835313735580e-10 1.051158816570789836e-09 1.276516720186804391e-09
9.504805521137156908e-10 1.155373840979552509e-09 1.402592833006739493e-09
1.044835188063752124e-09 1.269998438280161678e-09 1.540394091202390890e-09
1.148114746353650696e-09 1.395237399182162631e-09 1.692548094431272595e-09
1.261822454730537611e-09 1.532871792134560884e-09 1.858426176360457525e-09
1.387095000954732231e-09 1.684000001086243629e-09 2.041791316000050197e-09
