9.999999999999999547e-07 1.635945440277455988e-23
1.096985797892384023e-06 2.159769490172357049e-23
1.203377840777590506e-06 2.851310315827133572e-23
1.320088400831416760e-06 3.764259024208614672e-23
1.448118227674533100e-06 4.969489643801401226e-23
1.588565129428052708e-06 6.560555177548933568e-23
1.742633386009650705e-06 8.660939985661605625e-23
1.911644075385703595e-06 1.143362872454452938e-22
2.097046401323230812e-06 1.509373075737437064e-22
2.300430119772916844e-06 1.992513341681334568e-22
2.523539170434765982e-06 2.630246670113095996e-22
2.768286630392066801e-06 3.472006938179660080e-22
3.036771118035460538e-06 4.583018145449478599e-22
3.331294787934669962e-06 6.049329102441698173e-22
3.654383070957254277e-06 7.984448942049960766e-22
4.008806328898464506e-06 1.053809011663020669e-21
4.397603609302721006e-06 1.390768497641758952e-21
4.824108704165373363e-06 1.835355075273018658e-21
5.291978735958436362e-06 2.421885153457620264e-21
5.805225516094895368e-06 3.195586401537479287e-21
6.368249944718586522e-06 4.216052146747316851e-21
6.985879746785248997e-06 5.561782179337923052e-21
7.663410868007462581e-06 7.336148226289303222e-21
8.406652885618315837e-06 9.675226142552600562e-21
9.221978823334321272e-06 1.275807160961424010e-20
1.011637979766207114e-05 1.682019105260109200e-20
1.109752496412072123e-05 2.217118611686423900e-20
1.217382727739661976e-05 2.921784223818689875e-20
1.335451562929897430e-05 3.849430937486997899e-20
1.464971398307284918e-05 5.070150721675653409e-20
1.607052818261638468e-05 6.675850918951568010e-20
1.762914118095948102e-05 8.786945145801196642e-20
1.933891750455232097e-05 1.156105261504314969e-19
2.121451784910627868e-05 1.520429004946790893e-19
2.327202478960407187e-05 1.998590220120785654e-19
2.552908068239516468e-05 2.625718162109184510e-19
2.800503894183631128e-05 3.447588476200351800e-19
3.072112998861759335e-05 4.523767074169472377e-19
3.370064329271925001e-05 5.931648790347337329e-19
3.696912707195031789e-05 7.771632898436686612e-19
4.055460735840827523e-05 1.017373851390702083e-18
4.448782831127585431e-05 1.330603879673231557e-18
4.880251583654433487e-05 1.738538616677238818e-18
5.353566677410718833e-05 2.269101685746631809e-18
5.872786613189488590e-05 2.958176742798317358e-18
6.442363508721369713e-05 3.851781909322884985e-18
7.067181273927491600e-05 5.008811527242982841e-18
7.752597488629464379e-05 6.504490593890883178e-18
8.504489341802668747e-05 8.434726829754077026e-18
9.329304026284696006e-05 1.092160304146940763e-17
1.023411402105452698e-04 1.412030873611290365e-17
1.122667773510813578e-04 1.822797152427727414e-17
1.231550603292826216e-04 2.349491376902453349e-17
1.350993521198026509e-04 3.023916430452873992e-17
1.482020705798858503e-04 3.886532488283036117e-17
1.625755666443795110e-04 4.988936737484727148e-17
1.783430876931909215e-04 6.397159346145958290e-17
1.956398343517064872e-04 8.196095375621180430e-17
2.146141197858403608e-04 1.049551829644670282e-16
2.354286414322417768e-04 1.343831467884618866e-16
2.582618760682677613e-04 1.721182006624983087e-16
2.833096101839323875e-04 2.206347591254272163e-16
3.107866187782013824e-04 2.832243395767654774e-16
3.409285069746810937e-04 3.642949946163684981e-16
3.739937302478797796e-04 4.697785321026136672e-16
4.102658105827194793e-04 6.076884706239131461e-16
4.500557675700497698e-04 7.888728337249396839e-16
4.937047852839003808e-04 1.028016124707892297e-15
5.415871378079470779e-04 1.344960942266005017e-15
5.941133984965033281e-04 1.766421770934172529e-15
6.517339604882426947e-04 2.328171295236535098e-15
7.149428986597577062e-04 3.077777084698126817e-15
7.842822061337681189e-04 4.077957186617979964e-15
8.603464416684500826e-04 5.410597452863025964e-15
9.437878277775381061e-04 7.181438051527123240e-15
1.035321843295662538e-03 9.525379191928910386e-15
1.135733358343105071e-03 1.261229136422453182e-14
1.245883364295008152e-03 1.665311610984112284e-14
1.366716356462007289e-03 2.190599970788358148e-14
1.499268432786045498e-03 2.868207834947320849e-14
1.644676177994664444e-03 3.735049889761525612e-14
1.804186409392071833e-03 4.834239724429508542e-14
1.979166867853557332e-03 6.215316862762945209e-14
2.171117945694505096e-03 7.934328010267416800e-14
2.381685551976158062e-03 1.005370413223720505e-13
2.612675225563328932e-03 1.264196113288633696e-13
2.866067616948250220e-03 1.577328993571393843e-13
3.144035471591500111e-03 1.952702255839768287e-13
3.448962260405759751e-03 2.398712460441520850e-13
3.783462617131928916e-03 2.924141270948040247e-13
4.150404757850476717e-03 3.538150609620727039e-13
4.552935074866947852e-03 4.250195691498027281e-13
4.994505115855140363e-03 5.070017415556290353e-13
5.478901179593945181e-03 6.007604845789185334e-13
6.010276782070381706e-03 7.073175735129428926e-13
6.593188271333548338e-03 8.277149016764837782e-13
7.232633896483533706e-03 9.630117601266709568e-13
7.934096665797491649e-03 1.114280296623420614e-12
8.703591361485166558e-03 1.282602250315325141e-12
9.547716114208055702e-03 1.469060974842493139e-12
1.047370897959448710e-02 1.674734516021255213e-12
1.148951000187308641e-02 1.900685953726882987e-12
1.260382929679727468e-02 2.147951925261500399e-12
1.382622173764656327e-02 2.417530954619286574e-12
1.516716888470924160e-02 2.710370469055179926e-12
1.663816886076127308e-02 3.027355027137945322e-12
1.825183494319042310e-02 3.369296964570505830e-12
2.002200371815584384e-02 3.736933274823008576e-12
2.196385372416546911e-02 4.130927666292190043e-12
2.409403560239526884e-02 4.551882042500495173e-12
2.643081486974108163e-02 5.000358164882075853e-12
2.899422853882875281e-02 5.476908908679143409e-12
3.180625692794119413e-02 5.982119601660769988e-12
3.489101213406773511e-02 6.516660073041204669e-12
3.827494478516314802e-02 7.081339731053769819e-12
4.198707084443914495e-02 7.677165586111884676e-12
4.605922041145103785e-02 8.305405463187408147e-12
5.052631065335679711e-02 8.967640549116329434e-12
5.542664520663106997e-02 9.665812695130854973e-12
6.080224261649427170e-02 1.040225929959364404e-11
6.669919663030128565e-02 1.117973401197123283e-11
7.316807143427192517e-02 1.200141192090975399e-11
8.026433522257174491e-02 1.287087932119848571e-11
8.804883581643464796e-02 1.379211110743999576e-11
9.658832241158708809e-02 1.476943508420826072e-11
1.059560179277617004e-01 1.580749192451620640e-11
1.162322468679851811e-01 1.691119002118973546e-11
1.275051240713012957e-01 1.808566049628990895e-11
1.398713102647238526e-01 1.933621423093182453e-11
1.534368408930013306e-01 2.066830398829054573e-11
1.683180353330958334e-01 2.208749281071575812e-11
1.846424942895542598e-01 2.359942928350780032e-11
2.025501939230666404e-01 2.520983135818540513e-11
2.221946860939523760e-01 2.692447838814912501e-11
2.437444150122221598e-01 2.874921115526016379e-11
2.673841615839949171e-01 3.068993930117080952e-11
2.933166278390042514e-01 3.275265931550890978e-11
3.217641750250735400e-01 3.494348275331489402e-11
3.529707302730650254e-01 3.726868072704608082e-11
3.872038781812557340e-01 3.973474908147644652e-11
4.247571552536902884e-01 4.234849710685739461e-11
4.659525668664677434e-01 4.511716254974630136e-11
5.111433483440165348e-01 4.804854357885409458e-11
5.607169938205458504e-01 5.115114268203906186e-11
6.150985788580504154e-01 5.443430820492256343e-11
6.747544053110700046e-01 5.790835588043109855e-11
7.401959996915636886e-01 6.158465913943975201e-11
8.119844993184008874e-01 6.547569735688690128e-11
8.907354638610439634e-01 6.959505345952770861e-11
9.771241535346502083e-01 7.395739752427339137e-11
1.071891319205128701e+00 7.857836260082399458e-11
1.175849554052158075e+00 8.347447174338032725e-11
1.289890261253308079e+00 8.866300971341324708e-11
1.414991297434575968e+00 9.416190045311949633e-11
1.552225357427047925e+00 9.998960167079276445e-11
1.702769172225901295e+00 1.061650240418249953e-10
1.867913599020784687e+00 1.127074816801599386e-10
2.049074689815846284e+00 1.196367029658997925e-10
2.247805833548725207e+00 1.269728509932128796e-10
2.465811075822603726e+00 1.347366047392765642e-10
2.704959730463137202e+00 1.429492558346181532e-10
2.967302408188872587e+00 1.516328216392516049e-10
3.255088599835056495e+00 1.608100876770957894e-10
3.570785964900462517e+00 1.705049226573853165e-10
3.917101490809260511e+00 1.807418489718550136e-10
4.297004704320843693e+00 1.915465319468508168e-10
4.713753134116728916e+00 2.029455202581493235e-10
5.170920242896755781e+00 2.149662584171680241e-10
5.672426068491977169e+00 2.276370295113003045e-10
6.222570836730231036e+00 2.409869112114825208e-10
6.826071834272393168e+00 2.550457615085337251e-10
7.488103857590030721e+00 2.698442593318946194e-10
8.214343584919422625e+00 2.854140375903944985e-10
9.011018251665019463e+00 3.017879645110074574e-10
9.884959046625585444e+00 3.190026387525092815e-10
1.084365968689610860e+01 3.370941613106795648e-10
1.189534067370320791e+01 3.561034983182944273e-10
1.304901978014401642e+01 3.760776585766228363e-10
1.431458937523478525e+01 3.970718690193177352e-10
1.570290124729377546e+01 4.191529999796630099e-10
1.722585965398787522e+01 4.424034400948271717e-10
1.889652339691211580e+01 4.669257937117706721e-10
2.072921779595369784e+01 4.928475075429632653e-10
2.273965752357927528e+01 5.203250474963797555e-10
2.494508135230316626e+01 5.495459740627837782e-10
2.736439997074672092e+01 5.807301690539442813e-10
3.001835813575592127e+01 6.141258798501656182e-10
3.292971255097148031e+01 6.499906368877439090e-10
3.612342699709430605e+01 6.885612854570794144e-10
3.962688638701478538e+01 7.300238132039623443e-10
4.347013158125026422e+01 7.744856972941853598e-10
4.768611697714474218e+01 8.219445548525217424e-10
5.231099308056258224e+01 8.722330360120659967e-10
5.738441648302392650e+01 9.249381953728046529e-10
6.294988990221887804e+01 9.793038303692323532e-10
6.905513520162330110e+01 1.034151095417935702e-09
7.575250258771920642e+01 1.087866952919977080e-09
8.309941949353404311e+01 1.138477627615124527e-09
9.115888299750818646e+01 1.183912246494731364e-09
1.000000000000000000e+02 1.222444866821471798e-09
