6.325774406438422306e-11 6.686001176468032105e-11 7.065576733548208121e-11
6.803136794640073639e-11 7.163375043148904291e-11 7.544159728844342212e-11
7.315534435798722212e-11 7.675159901748195057e-11 8.055119201387022807e-11
7.865849228110249195e-11 8.223659554286241303e-11 8.598988826481230086e-11
8.456101269668764220e-11 8.811411527351159660e-11 9.179793527058221598e-11
9.092392299536242875e-11 9.441095605166462461e-11 9.800423155290627889e-11
9.776572718439239843e-11 1.011635014762625124e-10 1.046457143728055485e-10
1.051242571788998212e-10 1.083952366682242463e-10 1.117301080518964934e-10
1.130252719648629127e-10 1.161369655135328771e-10 1.192751609151928091e-10
1.214987093942508672e-10 1.244349275182019363e-10 1.273660699533674490e-10
1.305950038682879324e-10 1.333129853106723529e-10 1.359923732018554956e-10
1.403325986882263240e-10 1.427957412362729792e-10 1.452107369719791670e-10
1.506918289720747326e-10 1.528593261955769955e-10 1.550034577246778449e-10
1.614927766784706274e-10 1.634322461376216725e-10 1.653048583810554447e-10
1.725250658948487288e-10 1.742428588319919274e-10 1.759032556099320482e-10
1.829025233213617090e-10 1.845132728951393610e-10 1.860959436236002190e-10
1.907487786362735757e-10 1.923714474934581540e-10 1.939768298963729882e-10
1.921650868623396797e-10 1.937608313287100012e-10 1.953561435459076302e-10
1.804388610970784670e-10 1.817999245828921182e-10 1.831956027025371142e-10
1.494510425048560954e-10 1.504680153119836755e-10 1.515345633850941117e-10
1.040015204615668736e-10 1.047688464885404662e-10 1.055671176512224813e-10
6.085810992549742376e-11 6.136208272309994811e-11 6.187460013588788173e-11
3.141592236033213192e-11 3.170086703141612003e-11 3.199866431731610256e-11
1.507106011781578116e-11 1.525463538871524613e-11 1.544405698080686667e-11
6.970769842410391402e-12 7.091501762540663957e-12 7.212182595843230779e-12
3.170419508386392299e-12 3.246116621607544068e-12 3.321650465000944587e-12
1.431646478356479457e-12 1.475616783850588079e-12 1.519938452813197034e-12
6.445781302525345826e-13 6.688999929469831221e-13 6.935058282227370191e-13
2.898098595322472401e-13 3.028337109091605868e-13 3.160972615589073891e-13
1.302332937220041463e-13 1.370250265553559539e-13 1.440365313378922336e-13
5.850308056437925477e-14 6.198630555343439161e-14 6.560670783017848951e-14
2.628044756597987898e-14 2.804223035196216887e-14 2.989167938539575487e-14
1.180439645245541134e-14 1.268417762699346628e-14 1.361666824656060744e-14
5.302278168063369533e-15 5.737478208148869083e-15 6.203781515418093643e-15
2.381206300102186053e-15 2.595355966814434089e-15 2.825641258296091673e-15
1.069460082448740225e-15 1.174014273630794972e-15 1.287181612192945210e-15
4.802609906144723132e-16 5.310553631724340503e-16 5.863576227622052959e-16
2.157109797727218316e-16 2.402154430586208244e-16 2.671723191838685549e-16
9.687528654502548017e-17 1.086692342520079084e-16 1.217020097234682792e-16
4.350519485791133474e-17 4.915440868884048543e-17 5.544236280223808509e-17
1.953461033167391961e-17 2.223547307605130436e-17 2.526313564399305481e-17
8.773352501357108016e-18 1.005855775233748729e-17 1.150913652970930111e-17
3.940861647113553828e-18 4.550218271980471875e-18 5.242843754191602561e-18
1.769981811273448731e-18 2.058439924908975891e-18 2.388395658020949775e-18
7.948157045269945353e-19 9.311762368305953707e-19 1.088046894071742125e-18
3.569719744457377239e-19 4.212139500492895628e-19 4.956127495821337934e-19
1.602828104202497285e-19 1.905208048784102445e-19 2.257860614906830942e-19
7.198501186087661175e-20 8.618531825894055721e-20 1.028656052011567103e-19
3.233233597485673501e-20 3.898648064018791638e-20 4.686137123777287123e-20
1.452029559324086423e-20 1.763655134730808833e-20 2.135100769573388586e-20
6.521209547555352320e-21 7.977565730947568578e-21 9.727147554867006458e-21
2.929055149781233445e-21 3.608812463182662516e-21 4.431959074902381193e-21
1.315392762255355855e-21 1.632503994283388872e-21 2.019393622908562719e-21
5.907229152390406563e-22 7.383908621709886135e-22 9.201320396304946970e-22
2.652916558255206387e-22 3.340494315471340933e-22 4.192229520678673625e-22
1.191410297818625227e-22 1.511164409418050687e-22 1.909768451031343238e-22
5.350641622284247094e-23 6.835815341255306551e-23 8.698511026439654592e-23
2.402476444522848224e-23 3.092336727009639889e-23 3.962242700081561370e-23
1.078906205486511243e-23 1.399012193699426846e-23 1.805048556835742571e-23
4.845247169739619321e-24 6.328291832978177726e-24 8.224115933495812736e-24
2.175553111210829936e-24 2.862642573602729966e-24 3.747109544593995193e-24
9.769952142454879034e-25 1.294914244366697628e-24 1.707461282396380056e-24
4.386390152312013739e-25 5.857092349521271171e-25 7.780700819197504986e-25
1.969574883748234139e-25 2.649473119250461091e-25 3.545014493148428164e-25
8.844363829947960570e-26 1.198544189734341260e-25 1.615126297666546602e-25
3.971624655149872165e-26 5.422201528867996817e-26 7.358147498390815624e-26
1.783492262137900067e-26 2.452935270633518019e-26 3.351587295893079771e-26
8.010845150469650426e-27 1.109644546831765730e-26 1.526653134553625804e-26
3.597500933235785350e-27 5.019543659444698435e-27 6.953831517687602615e-27
1.615596485611577145e-27 2.270609153997513435e-27 3.168328573416285151e-27
7.253583305165750580e-28 1.027081502608493361e-27 1.443301612896440339e-27
3.256798522545259805e-28 4.646668565766772101e-28 6.575410810701228786e-28
1.462548493154417993e-28 2.101798305346622399e-28 2.995873050120294479e-28
6.567947923665850892e-29 9.507179977843851615e-29 1.365157380762532351e-28
2.949060174229800772e-29 4.300783073809901591e-29 6.220799286591908306e-29
1.324439107074942340e-29 1.945184455695329310e-29 2.834049379099984025e-29
5.947557362159878772e-30 8.799186686863641615e-30 1.291145395174914846e-29
2.671052638036770073e-30 3.980477798791478702e-30 5.882268534639794257e-30
1.199578223902895546e-30 1.800715507068301565e-30 2.679955803523605712e-30
5.387690713180612209e-31 8.144989846000932568e-31 1.221121552034454559e-30
2.419562616488128196e-31 3.684521045771465827e-31 5.563251780177776203e-31
1.086713343083500921e-31 1.666566628416892508e-31 2.534802730901584874e-31
4.880291466044012452e-32 7.538765198404448859e-32 1.154863693242720052e-31
2.191451187674621816e-32 3.410209562372994663e-32 5.261573874041528050e-32
9.842536546544041903e-33 1.542604305474489546e-32 2.397332452453733171e-32
4.418749693588209667e-33 6.978025423712228811e-33 1.092276864359082752e-32
1.984671783236443830e-33 3.156639365498349300e-33 4.976923179175857192e-33
8.911106744306018368e-34 1.427928053511226201e-33 2.267613049380711521e-33
4.001066728091366034e-34 6.459186635573556352e-34 1.033312965881809494e-33
1.796787030235617769e-34 2.921698463575557444e-34 4.707931372331658579e-34
8.067161215531075214e-35 1.321594933959446451e-34 2.145123324367327108e-34
3.622516295647943144e-35 5.978106357400734328e-35 9.773496327963871565e-35
1.626690239433692065e-35 2.704104435507919984e-35 4.452252431290003058e-35
7.304873593961228859e-36 1.223176242252157844e-35 2.028441243492233532e-35
3.280091462392883119e-36 5.533125781814665427e-36 9.241743903751822934e-36
1.473098987683928022e-36 2.502750460393045057e-36 4.210767421769343718e-36
6.615045863170013669e-37 1.132070903899273772e-36 1.918528528152522552e-36
2.970729074894259068e-37 5.120632190615825191e-37 8.741172054617019159e-37
1.334065093768065060e-37 2.316254143341731816e-37 3.982585377043942128e-37
5.990934110854925230e-38 1.047728575249940042e-37 1.814544162695352723e-37
