9.999999999999999547e-07 8.106762954926356161e-15
1.096985797892384023e-06 8.622795490910467400e-15
1.203377840777590506e-06 9.171675779308236770e-15
1.320088400831416760e-06 9.755494714484029969e-15
1.448118227674533100e-06 1.037647628346302603e-14
1.588565129428052708e-06 1.103698603756157989e-14
1.742633386009650705e-06 1.173954010323160166e-14
1.911644075385703595e-06 1.248681476643630014e-14
2.097046401323230812e-06 1.328165666705858180e-14
2.300430119772916844e-06 1.412709364216605260e-14
2.523539170434765982e-06 1.502634625942645551e-14
2.768286630392066801e-06 1.598284008459551076e-14
3.036771118035460538e-06 1.700021872979300941e-14
3.331294787934669962e-06 1.808235773225556184e-14
3.654383070957254277e-06 1.923337931641574843e-14
4.008806328898464506e-06 2.045766809551921851e-14
4.397603609302721006e-06 2.175988777256811446e-14
4.824108704165373363e-06 2.314499890418181694e-14
5.291978735958436362e-06 2.461827779501159167e-14
5.805225516094895368e-06 2.618533659464823848e-14
6.368249944718586522e-06 2.785214467353686394e-14
6.985879746785248997e-06 2.962505135928070105e-14
7.663410868007462581e-06 3.151081011989065967e-14
8.406652885618315837e-06 3.351660428604277982e-14
9.221978823334321272e-06 3.565007441026002974e-14
1.011637979766207114e-05 3.791934736716102848e-14
1.109752496412072123e-05 4.033306730554117056e-14
1.217382727739661976e-05 4.290042857009298056e-14
1.335451562929897430e-05 4.563121071806301838e-14
1.464971398307284918e-05 4.853581576410781632e-14
1.607052818261638468e-05 5.162530779508179533e-14
1.762914118095948102e-05 5.491145510549920890e-14
1.933891750455232097e-05 5.840677501399241770e-14
2.121451784910627868e-05 6.212458153127617968e-14
2.327202478960407187e-05 6.607903606096313696e-14
2.552908068239516468e-05 7.028520132609500013e-14
2.800503894183631128e-05 7.475909872650916242e-14
3.072112998861759335e-05 7.951776934518561747e-14
3.370064329271925001e-05 8.457933883557513728e-14
3.696912707195031789e-05 8.996308643664178333e-14
4.055460735840827523e-05 9.568951837801433809e-14
4.448782831127585431e-05 1.017804459543052555e-13
4.880251583654433487e-05 1.082590685653558241e-13
5.353566677410718833e-05 1.151500620380080712e-13
5.872786613189488590e-05 1.224796725650200281e-13
6.442363508721369713e-05 1.302758166180274567e-13
7.067181273927491600e-05 1.385681872140977471e-13
7.752597488629464379e-05 1.473883669394690376e-13
8.504489341802668747e-05 1.567699481596634850e-13
9.329304026284696006e-05 1.667486608723510760e-13
1.023411402105452698e-04 1.773625086882474814e-13
1.122667773510813578e-04 1.886519134560744536e-13
1.231550603292826216e-04 2.006598690802587512e-13
1.350993521198026509e-04 2.134321051147869345e-13
1.482020705798858503e-04 2.270172607535271458e-13
1.625755666443795110e-04 2.414670698765583033e-13
1.783430876931909215e-04 2.568365578537349599e-13
1.956398343517064872e-04 2.731842508510174727e-13
2.146141197858403608e-04 2.905723984321726660e-13
2.354286414322417768e-04 3.090672102984813383e-13
2.582618760682677613e-04 3.287391080622320173e-13
2.833096101839323875e-04 3.496629930062638651e-13
3.107866187782013824e-04 3.719185308418090413e-13
3.409285069746810937e-04 3.955904545406139920e-13
3.739937302478797796e-04 4.207688863850276290e-13
4.102658105827194793e-04 4.475496804516296622e-13
4.500557675700497698e-04 4.760347868203395364e-13
4.937047852839003808e-04 5.063326388820347601e-13
5.415871378079470779e-04 5.385585652037825667e-13
5.941133984965033281e-04 5.728352275022220404e-13
6.517339604882426947e-04 6.092930863726252104e-13
7.149428986597577062e-04 6.480708965241702021e-13
7.842822061337681189e-04 6.893162333812440562e-13
8.603464416684500826e-04 7.331860530265318550e-13
9.437878277775381061e-04 7.798472875847027125e-13
1.035321843295662538e-03 8.294774782759670997e-13
1.135733358343105071e-03 8.822654485071796509e-13
1.245883364295008152e-03 9.384120195148908338e-13
1.366716356462007289e-03 9.981307712302876861e-13
1.499268432786045498e-03 1.061648851200837005e-12
1.644676177994664444e-03 1.129207834578089252e-12
1.804186409392071833e-03 1.201064638366142702e-12
1.979166867853557332e-03 1.277492493321220416e-12
2.171117945694505096e-03 1.358781977100216746e-12
2.381685551976158062e-03 1.445242112475645445e-12
2.612675225563328932e-03 1.537201534666639459e-12
2.866067616948250220e-03 1.635009732081288610e-12
3.144035471591500111e-03 1.739038365025267596e-12
3.448962260405759751e-03 1.849682667206011625e-12
3.783462617131928916e-03 1.967362935151521846e-12
4.150404757850476717e-03 2.092526110968714150e-12
4.552935074866947852e-03 2.225647464188919505e-12
4.994505115855140363e-03 2.367232378788452429e-12
5.478901179593945181e-03 2.517818251830620639e-12
6.010276782070381706e-03 2.677976510553109129e-12
6.593188271333548338e-03 2.848314755121885715e-12
7.232633896483533706e-03 3.029479034690267369e-12
7.934096665797491649e-03 3.222156264840500211e-12
8.703591361485166558e-03 3.427076794945278753e-12
9.547716114208055702e-03 3.645017134469068585e-12
1.047370897959448710e-02 3.876802847734060517e-12
1.148951000187308641e-02 4.123311627203529035e-12
1.260382929679727468e-02 4.385476555886607441e-12
1.382622173764656327e-02 4.664289570043075213e-12
1.516716888470924160e-02 4.960805133964590241e-12
1.663816886076127308e-02 5.276144139229675998e-12
1.825183494319042310e-02 5.611498041473148560e-12
2.002200371815584384e-02 5.968133248375621441e-12
2.196385372416546911e-02 6.347395773264383809e-12
2.409403560239526884e-02 6.750716169421207132e-12
2.643081486974108163e-02 7.179614760913996551e-12
2.899422853882875281e-02 7.635707186504670267e-12
3.180625692794119413e-02 8.120710273932084581e-12
3.489101213406773511e-02 8.636448262621989578e-12
3.827494478516314802e-02 9.184859393631520065e-12
4.198707084443914495e-02 9.768002886386795872e-12
4.605922041145103785e-02 1.038806632251240949e-11
5.052631065335679711e-02 1.104737345777244832e-11
5.542664520663106997e-02 1.174839248383314672e-11
6.080224261649427170e-02 1.249374476220764977e-11
6.669919663030128565e-02 1.328621405333689557e-11
7.316807143427192517e-02 1.412875626428385652e-11
8.026433522257174491e-02 1.502450973895063530e-11
8.804883581643464796e-02 1.597680611504759535e-11
9.658832241158708809e-02 1.698918177222634822e-11
1.059560179277617004e-01 1.806538989580238471e-11
1.162322468679851811e-01 1.920941318030705394e-11
1.275051240713012957e-01 2.042547719668093529e-11
1.398713102647238526e-01 2.171806444620761216e-11
1.534368408930013306e-01 2.309192912323681528e-11
1.683180353330958334e-01 2.455211260729809496e-11
1.846424942895542598e-01 2.610395970329454123e-11
2.025501939230666404e-01 2.775313564601163572e-11
2.221946860939523760e-01 2.950564388209047275e-11
2.437444150122221598e-01 3.136784463879782781e-11
2.673841615839949171e-01 3.334647428426032677e-11
2.933166278390042514e-01 3.544866547818746664e-11
3.217641750250735400e-01 3.768196810533972363e-11
3.529707302730650254e-01 4.005437097593274354e-11
3.872038781812557340e-01 4.257432426762020873e-11
4.247571552536902884e-01 4.525076267244487833e-11
4.659525668664677434e-01 4.809312919895033589e-11
5.111433483440165348e-01 5.111139956422736460e-11
5.607169938205458504e-01 5.431610709271859202e-11
6.150985788580504154e-01 5.771836801777656072e-11
6.747544053110700046e-01 6.132990705786835469e-11
7.401959996915636886e-01 6.516308311150879371e-11
8.119844993184008874e-01 6.923091488299187202e-11
8.907354638610439634e-01 7.354710621422517752e-11
9.771241535346502083e-01 7.812607085585229417e-11
1.071891319205128701e+00 8.298295636268225839e-11
1.175849554052158075e+00 8.813366674349504092e-11
1.289890261253308079e+00 9.359488343271754411e-11
1.414991297434575968e+00 9.938408408036021102e-11
1.552225357427047925e+00 1.055195585759603203e-10
1.702769172225901295e+00 1.120204216310199603e-10
1.867913599020784687e+00 1.189066211413500842e-10
2.049074689815846284e+00 1.261989414345849164e-10
2.247805833548725207e+00 1.339190003775413672e-10
2.465811075822603726e+00 1.420892391716263067e-10
2.704959730463137202e+00 1.507329035006513321e-10
2.967302408188872587e+00 1.598740145126349127e-10
3.255088599835056495e+00 1.695373279139151058e-10
3.570785964900462517e+00 1.797482792286872585e-10
3.917101490809260511e+00 1.905329141251433557e-10
4.297004704320843693e+00 2.019178096374838846e-10
4.713753134116728916e+00 2.139299795349852382e-10
5.170920242896755781e+00 2.265967597782729592e-10
5.672426068491977169e+00 2.399456820837674023e-10
6.222570836730231036e+00 2.540043419676497297e-10
6.826071834272393168e+00 2.688002757682458830e-10
7.488103857590030721e+00 2.843608707262673039e-10
8.214343584919422625e+00 3.007133538703614613e-10
9.011018251665019463e+00 3.178849048467952158e-10
9.884959046625585444e+00 3.359027732056558825e-10
1.084365968689610860e+01 3.547948954635057047e-10
1.189534067370320791e+01 3.745912248249159774e-10
1.304901978014401642e+01 3.953254686014580817e-10
1.431458937523478525e+01 4.170374836756097589e-10
1.570290124729377546e+01 4.397764253261969717e-10
1.722585965398787522e+01 4.636044727075455099e-10
1.889652339691211580e+01 4.886008320098250576e-10
2.072921779595369784e+01 5.148654047988841705e-10
2.273965752357927528e+01 5.425210833448645117e-10
2.494508135230316626e+01 5.717143180650529026e-10
2.736439997074672092e+01 6.026166201367657027e-10
3.001835813575592127e+01 6.354259953063804529e-10
3.292971255097148031e+01 6.703615859005700181e-10
3.612342699709430605e+01 7.076528168209953734e-10
3.962688638701478538e+01 7.475216430405680578e-10
4.347013158125026422e+01 7.901500774974725393e-10
4.768611697714474218e+01 8.356285502636709455e-10
5.231099308056258224e+01 8.838795260930482545e-10
5.738441648302392650e+01 9.345650797562410538e-10
6.294988990221887804e+01 9.869857201950767761e-10
6.905513520162330110e+01 1.040002477390275991e-09
7.575250258771920642e+01 1.092027849314047593e-09
8.309941949353404311e+01 1.141100535271441101e-09
9.115888299750818646e+01 1.185150950434113774e-09
1.000000000000000000e+02 1.222444866821471798e-09
