9.750418704745264526e-19 8.531072259697574875e-17 2.008567932809406821e-15
1.472862708474607853e-18 1.113086672588507645e-16 2.384748927322011428e-15
2.200508105315026167e-18 1.458789906096168921e-16 2.830249677314171042e-15
3.304155333958766585e-18 1.907225729021791139e-16 3.350770145568066812e-15
4.956996886901655096e-18 2.490735036302596736e-16 3.945651064975265597e-15
7.385274787496985404e-18 3.255099755388836467e-16 4.650707707680439518e-15
1.108123501022747135e-17 4.254158414854890591e-16 5.499921505279478593e-15
1.663771736292648025e-17 5.571852645679855045e-16 6.513966007781477354e-15
2.492961066365050337e-17 7.287925310934590271e-16 7.719546764417760274e-15
3.755795489790377160e-17 9.546923209230957592e-16 9.102110796661646908e-15
5.617816161639087837e-17 1.249687977501179316e-15 1.071298635737894617e-14
8.404500735292491245e-17 1.632656248857693194e-15 1.263567938630996621e-14
1.272619080018345283e-16 2.133389508428976241e-15 1.499980074111053665e-14
1.906886408042356038e-16 2.787814306834576349e-15 1.780874847543562871e-14
2.854600209526051128e-16 3.645744947962944058e-15 2.112809131085453702e-14
4.274928567126798375e-16 4.752928071694515879e-15 2.497107781360484810e-14
6.395121794227217603e-16 6.215468192339290822e-15 2.948175168619460714e-14
9.604336091469045668e-16 8.118575161062524997e-15 3.487068080946103397e-14
1.431936002262402276e-15 1.060539561925050870e-14 4.114300061327280372e-14
2.150207808816363798e-15 1.380927209761295273e-14 4.848158816520242104e-14
3.217307423339880762e-15 1.801996857065315108e-14 5.719490044870754931e-14
4.835684253608053889e-15 2.347694719095403607e-14 6.769900382151880090e-14
7.264459907744585663e-15 3.067002663790968125e-14 8.005009293755862948e-14
1.084893503770420812e-14 3.992177165819503099e-14 9.477065191597437877e-14
1.612054291296789678e-14 5.194336242533099064e-14 1.122150088037288411e-13
2.388056247697193652e-14 6.754977797936404448e-14 1.331453395302228539e-13
3.525524523293211906e-14 8.747446898044632354e-14 1.577598921359891395e-13
5.172864273429313947e-14 1.133842457403681026e-13 1.884056767075113199e-13
7.555433516564549199e-14 1.467170113195254405e-13 2.258873684081092038e-13
1.091631969087567102e-13 1.890009970390333106e-13 2.723009096401828567e-13
1.543183025679016806e-13 2.435716400944544927e-13 3.327527484865993511e-13
2.117466905899377601e-13 3.128982558802426555e-13 4.117207148809437645e-13
2.795019218334284886e-13 4.020728013462057740e-13 5.254059836635760886e-13
3.543493576518371120e-13 5.140147754631653828e-13 6.870120774795494190e-13
4.350488634203866604e-13 6.557483513598552048e-13 9.126432142391255015e-13
5.242300019279362471e-13 8.341121303670824245e-13 1.224353389681903602e-12
6.265955853342629906e-13 1.056350330408110099e-12 1.622395558043898368e-12
7.446755499826477556e-13 1.329005748780755951e-12 2.125858914491682661e-12
8.832783890316740701e-13 1.659229640384049198e-12 2.761119665298379941e-12
1.043307454723142598e-12 2.061601276143184558e-12 3.499339477284529076e-12
1.228845915271563581e-12 2.543424918793282279e-12 4.389833981911010774e-12
1.441739645790934139e-12 3.113284640931184853e-12 5.381716770373167637e-12
1.688491663535170854e-12 3.778360522845865748e-12 6.512164654932971807e-12
1.974128994039583306e-12 4.548732066198683305e-12 7.749624439977343723e-12
2.301665786348455755e-12 5.433008928396436185e-12 9.126952762430531348e-12
2.676165841429466485e-12 6.420797197388360044e-12 1.065924811815145018e-11
3.108945223422486667e-12 7.528692503577982797e-12 1.233390643026703363e-11
3.607980750255177716e-12 8.770848603195065423e-12 1.416391502889816623e-11
4.183085128245889150e-12 1.013758728536851416e-11 1.618718097335805926e-11
4.849580290946134786e-12 1.164217242687999013e-11 1.837532773245934888e-11
5.608480236598410376e-12 1.330664411578520908e-11 2.076989745064502349e-11
6.462750461744758622e-12 1.510859038954844429e-11 2.335511805496266850e-11
7.445692435778529856e-12 1.710953057231123410e-11 2.619362536305080281e-11
8.576977148132449979e-12 1.928287024746751986e-11 2.926479588703810921e-11
9.885910163846601491e-12 2.164933370885769629e-11 3.260928299576814144e-11
1.134083836556819731e-11 2.424972200630734076e-11 3.630430670069009617e-11
1.298653548258930571e-11 2.707845350984928559e-11 4.044568903274417005e-11
1.486594764456546976e-11 3.017782433221656562e-11 4.491704619237465427e-11
1.695537448672737094e-11 3.358639791225147742e-11 4.982456095628570028e-11
1.929539272996553230e-11 3.727660578180589568e-11 5.516787201637055825e-11
2.197337195749748673e-11 4.136559129049740687e-11 6.113324322471926950e-11
2.490001363272322050e-11 4.590190653689906325e-11 6.765721724300372253e-11
2.824211180546371711e-11 5.085181085677894633e-11 7.473486969632252305e-11
3.200729581102156526e-11 5.625712735051674787e-11 8.264803362579846684e-11
3.614894862617814004e-11 6.219693186567880812e-11 9.138880667371578667e-11
4.063729935545499255e-11 6.869408655515138944e-11 1.009951908141537352e-10
4.559072806397621128e-11 7.582456106863898754e-11 1.112712164270474215e-10
5.111037527014705682e-11 8.362422436693494156e-11 1.226672844051782000e-10
5.729063958041262573e-11 9.226426249727794401e-11 1.353487428713294785e-10
6.379941272729533394e-11 1.016406134524234334e-10 1.489650270576265541e-10
7.112940798979770780e-11 1.119642266575683301e-10 1.640883426032343717e-10
7.932677102572468639e-11 1.233597583882718105e-10 1.805478831997465779e-10
8.811551497137225248e-11 1.357987303948051017e-10 1.985240734646698420e-10
9.775622698872341512e-11 1.494827767032096941e-10 2.183248623725113578e-10
1.085151663442946771e-10 1.644920482927213941e-10 2.401477454690872264e-10
1.200603278971319536e-10 1.810036761561650024e-10 2.638945371486389095e-10
1.325044009809807998e-10 1.990624900305987662e-10 2.899870629301806469e-10
1.467529212134370872e-10 2.188926190192820447e-10 3.187046905645333989e-10
1.626608716768109669e-10 2.406754308637316572e-10 3.500157107031888903e-10
1.791005967083825249e-10 2.646806636715400522e-10 3.846760306761148458e-10
1.974224297889232006e-10 2.909572785165773832e-10 4.225498056232287518e-10
2.173324805135386666e-10 3.197575581413176960e-10 4.642059334408932540e-10
2.390460252592302781e-10 3.514834970685561669e-10 5.096385744403222259e-10
2.632798534100518152e-10 3.862323710864947860e-10 5.596474769602881301e-10
2.895636221945747648e-10 4.245448544207289128e-10 6.148450555305600525e-10
3.189712764006671324e-10 4.664416774916841169e-10 6.754372532643433298e-10
3.518719733036912101e-10 5.124996718902423405e-10 7.423764171452205707e-10
3.864880940814604620e-10 5.629799805605798540e-10 8.165052415604069477e-10
4.252661916873222592e-10 6.181523957563477914e-10 8.961954084504008808e-10
4.679650053027568601e-10 6.787095771538986940e-10 9.848142526284962061e-10
5.142715683710828376e-10 7.454647650053287568e-10 1.081365717466047502e-09
5.652316788692544002e-10 8.188557107059924703e-10 1.187148185476365106e-09
6.209807907223963335e-10 8.993831528504051662e-10 1.303511841950110251e-09
6.822804620783233704e-10 9.879098929411280179e-10 1.431844017307399316e-09
7.498613503211656423e-10 1.085168527067432095e-09 1.571768955291011073e-09
8.236025988795694166e-10 1.191442394003013467e-09 1.725033820296085211e-09
9.046762711903957773e-10 1.308031476689103778e-09 1.893240183906256161e-09
9.932836153344013916e-10 1.436578016088638512e-09 2.078346108621942954e-09
1.090874383026947147e-09 1.577448242990216952e-09 2.280998414141004732e-09
1.197239468153280415e-09 1.731546918633197995e-09 2.503407494082139558e-09
