6.502693802565399579e-11 6.686001176468032105e-11 6.876406429537997715e-11
6.980184987402410441e-11 7.163375043148904291e-11 7.354545032325643615e-11
7.492304023935853502e-11 7.675159901748195057e-11 7.865114116491222053e-11
8.041281673838278063e-11 8.223659554286241303e-11 8.411683537596660802e-11
8.631584260910008833e-11 8.811411527351159660e-11 8.997026189045222887e-11
9.265073289651028435e-11 9.441095605166462461e-11 9.622289699786926369e-11
9.945952679320653018e-11 1.011635014762625124e-10 1.029152777065530569e-10
1.067536528796405180e-10 1.083952366682242463e-10 1.100708932479461667e-10
1.145882367584453204e-10 1.161369655135328771e-10 1.177303626140925334e-10
1.229730981736798897e-10 1.244349275182019363e-10 1.259218933255457355e-10
1.319585696044550435e-10 1.333129853106723529e-10 1.346789821260279853e-10
1.415603743931162901e-10 1.427957412362729792e-10 1.440213699661511617e-10
1.517680767345438647e-10 1.528593261955769955e-10 1.539457657782959963e-10
1.624778032247042555e-10 1.634322461376216725e-10 1.643896732626723400e-10
1.733836129462140394e-10 1.742428588319919274e-10 1.750895859669544640e-10
1.836949510352973052e-10 1.845132728951393610e-10 1.853078618377585762e-10
1.915589591940198224e-10 1.923714474934581540e-10 1.931867583808488529e-10
1.929671572636293765e-10 1.937608313287100012e-10 1.945757293931910485e-10
1.810968093116673729e-10 1.817999245828921182e-10 1.824973457868506742e-10
1.499479931817616253e-10 1.504680153119836755e-10 1.510069266024998500e-10
1.043730788417170358e-10 1.047688464885404662e-10 1.051696596504714407e-10
6.110898333019354061e-11 6.136208272309994811e-11 6.161566670124796900e-11
3.155760931492751951e-11 3.170086703141612003e-11 3.184829771618161875e-11
1.516278127232990589e-11 1.525463538871524613e-11 1.535033573983832424e-11
7.030775344858154636e-12 7.091501762540663957e-12 7.154131458267039699e-12
3.208009728552870000e-12 3.246116621607544068e-12 3.284681821554795514e-12
1.453534288656112960e-12 1.475616783850588079e-12 1.498277782667407387e-12
6.565858246616299619e-13 6.688999929469831221e-13 6.815932299931631516e-13
2.962601037884086970e-13 3.028337109091605868e-13 3.096701475783289619e-13
1.336095115603901179e-13 1.370250265553559539e-13 1.406244688239613168e-13
6.023711312289234883e-14 6.198630555343439161e-14 6.385401550538961150e-14
2.715145994299899874e-14 2.804223035196216887e-14 2.899368577791399968e-14
1.223778174330080576e-14 1.268417762699346628e-14 1.316242111546980415e-14
5.515966885139774461e-15 5.737478208148869083e-15 5.975400562958024795e-15
2.486190689350435118e-15 2.595355966814434089e-15 2.713126380193539758e-15
1.120500908853552784e-15 1.174014273630794972e-15 1.231799942374891225e-15
5.049808553124802462e-16 5.310553631724340503e-16 5.592719942170954382e-16
2.276277613320460916e-16 2.402154430586208244e-16 2.539232048513754077e-16
1.025800739059734243e-16 1.086692342520079084e-16 1.152859848477231758e-16
4.623880354059467267e-17 4.915440868884048543e-17 5.234348915779178815e-17
2.084026979067953128e-17 2.223547307605130436e-17 2.376461510956908297e-17
9.393098869936207181e-18 1.005855775233748729e-17 1.079003489000272858e-17
4.233395570202612458e-18 4.550218271980471875e-18 4.899428574780213815e-18
1.907950485081861890e-18 2.058439924908975891e-18 2.224365113164782398e-18
8.598106594761099278e-19 9.311762368305953707e-19 1.009927120389124537e-18
3.875363966938748224e-19 4.212139500492895628e-19 4.585341564574127754e-19
1.746792745355624027e-19 1.905208048784102445e-19 2.081717599028311598e-19
7.872292090485677878e-20 8.618531825894055721e-20 9.452650594849728024e-20
3.548314039128552050e-20 3.898648064018791638e-20 4.292092246175323646e-20
1.599485568916382316e-20 1.763655134730808833e-20 1.948761608259203479e-20
7.208017544634035952e-21 7.977565730947568578e-21 8.847362735171093471e-21
3.248244153334447417e-21 3.608812463182662516e-21 4.016641064070975779e-21
1.464047551136300427e-21 1.632503994283388872e-21 1.823602779713200919e-21
6.597855727599414435e-22 7.383908621709886135e-22 8.280908221119954440e-22
2.973535357698504179e-22 3.340494315471340933e-22 3.759547121712490181e-22
1.340014314659804370e-22 1.511164409418050687e-22 1.706787455481320896e-22
6.039467028975826841e-23 6.835815341255306551e-23 7.748571314850783185e-23
2.722009921391796616e-23 3.092336727009639889e-23 3.517944289353140302e-23
1.226773987035847016e-23 1.399012193699426846e-23 1.597412916728212131e-23
5.529030928940669091e-24 6.328291832978177726e-24 7.253678787016717473e-24
2.491692252527355151e-24 2.862642573602729966e-24 3.293401911776731266e-24
1.122863385798261528e-24 1.294914244366697628e-24 1.495208425465442500e-24
5.061280155276643635e-25 5.857092349521271171e-25 6.788238919142980010e-25
2.281012514463930052e-25 2.649473119250461091e-25 3.081957095369700573e-25
1.028145996128658697e-25 1.198544189734341260e-25 1.399320325492405674e-25
4.633869762574228963e-26 5.422201528867996817e-26 6.353333863124750690e-26
2.088191610076345952e-26 2.452935270633518019e-26 2.884555836694129790e-26
9.409992201510164099e-27 1.109644546831765730e-26 1.309646107195129196e-26
4.240675211126281377e-27 5.019543659444698435e-27 5.946998868078105951e-27
1.911177454247215018e-27 2.270609153997513435e-27 2.700066730399830386e-27
8.613842461243344495e-28 1.027081502608493361e-27 1.225791190213941604e-27
3.882052283714903742e-28 4.646668565766772101e-28 5.566048718436284505e-28
1.749741630963910563e-28 2.101798305346622399e-28 2.527324522617065826e-28
7.885989290025196789e-29 9.507179977843851615e-29 1.147480343555232453e-28
3.554285753225120263e-29 4.300783073809901591e-29 5.209908509215532582e-29
1.601797730089635671e-29 1.945184455695329310e-29 2.365321885886036691e-29
7.219245299809443620e-30 8.799186686863641615e-30 1.073880971002700152e-29
3.253575137897424242e-30 3.980477798791478702e-30 4.875541502111480942e-30
1.466278593704225019e-30 1.800715507068301565e-30 2.213565142500757195e-30
6.608393601274525122e-31 8.144989846000932568e-31 1.004970427683029630e-30
2.978407455624769773e-31 3.684521045771465827e-31 4.562763489406833477e-31
1.342313587841765597e-31 1.666566628416892508e-31 2.071431692717904447e-31
6.049595090147528949e-32 7.538765198404448859e-32 9.404184823040583292e-32
2.726578692136491089e-32 3.410209562372994663e-32 4.270070650830454842e-32
1.228940111035484205e-32 1.542604305474489546e-32 1.938847088756930787e-32
5.538749555417515833e-33 6.978025423712228811e-33 8.803167105550438953e-33
2.496248263812875336e-33 3.156639365498349300e-33 3.997236997558229634e-33
1.124993705639437508e-33 1.427928053511226201e-33 1.814909187257310444e-33
5.070044865037895684e-34 6.459186635573556352e-34 8.240985787187256332e-34
2.284921391743826246e-34 2.921698463575557444e-34 3.741878965316638801e-34
1.029700640236166002e-34 1.321594933959446451e-34 1.699107300586285923e-34
4.640812619618894626e-35 5.978106357400734328e-35 7.715113514196252949e-35
2.091504020054333634e-35 2.704104435507919984e-35 3.502933054213479910e-35
9.425843055295786258e-36 1.223176242252157844e-35 1.590474845218494526e-35
4.247959264247877050e-36 5.533125781814665427e-36 7.221314000680351187e-36
1.914481799929217603e-36 2.502750460393045057e-36 3.278685201047850539e-36
8.628015368594981139e-37 1.132070903899273772e-36 1.488631168609623079e-36
3.888505533278110384e-37 5.120632190615825191e-37 6.758590014244895048e-37
1.752525476318673812e-37 2.316254143341731816e-37 3.068546296885926043e-37
7.898549019560796116e-38 1.047728575249940042e-37 1.393136970907050169e-37
