3.050107310262987546e-21 1.940770672742369335e-16 6.398301432586201981e-15
4.655694860104218769e-21 2.488781958184643334e-16 7.386882242196760122e-15
6.969284839890766600e-21 3.156721550861567911e-16 8.549951707152355420e-15
1.066996121105602360e-20 4.021695636630004898e-16 9.877742380497224368e-15
1.677898808150698175e-20 5.119312846871057997e-16 1.141416352816178235e-14
2.553058127343008113e-20 6.552586194478479263e-16 1.321213913259430903e-14
4.011781246621573616e-20 8.362208378418184148e-16 1.535939803793949672e-14
6.342901876801153918e-20 1.067085752381508286e-15 1.771205183975670978e-14
9.667651313574735710e-20 1.366722665058344511e-15 2.045484018163710100e-14
1.533678090045001108e-19 1.742982123291255677e-15 2.370449455595956283e-14
2.349000512264680231e-19 2.215407799464223268e-15 2.738741519556951310e-14
3.554771406661410121e-19 2.821494583777385882e-15 3.166010297340065287e-14
5.493049704483736830e-19 3.592941230006463274e-15 3.664355252645503417e-14
8.624019414093687813e-19 4.591855971833791156e-15 4.241530655925221979e-14
1.277156493522533765e-18 5.876804781826128084e-15 4.912085385249403024e-14
2.011331384649998840e-18 7.514658253228280762e-15 5.700072698766771711e-14
3.086665406520414719e-18 9.612010519180831526e-15 6.592002229598887325e-14
4.741957175216781546e-18 1.224613427616274082e-14 7.657105515366153569e-14
7.099248869281571721e-18 1.565799036375804360e-14 8.836706928151628269e-14
1.095912869216271517e-17 1.996054789288270451e-14 1.020677392939262766e-13
1.654544591870686420e-17 2.544070659975890735e-14 1.183081670156191034e-13
2.584467154387212651e-17 3.244934907970706793e-14 1.374270213775345929e-13
4.095970203473056734e-17 4.136275218725916102e-14 1.598301424394289454e-13
6.065639812586242588e-17 5.285494305325620481e-14 1.856551435329175577e-13
8.783464349865171247e-17 6.725508651761078948e-14 2.146733815326612732e-13
1.310753117703712167e-16 8.569118123482295910e-14 2.493077600649805547e-13
1.958015421989182340e-16 1.092272302406453755e-13 2.929754576787266922e-13
2.880183773139606060e-16 1.391693299076302785e-13 3.408762912035523922e-13
4.220986143025585567e-16 1.769267049625442942e-13 4.011334562504225308e-13
6.257302614465566907e-16 2.259712621596678533e-13 4.779245012180156970e-13
9.339511275266496092e-16 2.868306043865723558e-13 5.784674100094174161e-13
1.391303136553765855e-15 3.630276046737356012e-13 7.165587646246679503e-13
2.020091882224676215e-15 4.534166215658498989e-13 9.157256485203627966e-13
3.012798037010783103e-15 5.629284694957241533e-13 1.189318585788141662e-12
4.625093577863877997e-15 6.905641537835917851e-13 1.549770044030670898e-12
6.844437972816403051e-15 8.443713933979149572e-13 2.010848430495548034e-12
9.869497481791049124e-15 1.025864228484864714e-12 2.588174498428177142e-12
1.461368113671537906e-14 1.240145694838632351e-12 3.244037303436826428e-12
2.186789451507798405e-14 1.495984090714805331e-12 4.028414765591455990e-12
3.184036464099411355e-14 1.801171075038909500e-12 4.902002510703090019e-12
4.537716597025518906e-14 2.153369863638990205e-12 5.857127519644015116e-12
6.684124019995247251e-14 2.572101079084779959e-12 6.925045986328573280e-12
9.682631118091870185e-14 3.061812770943329211e-12 8.086505861652338667e-12
1.415895261525145834e-13 3.635806123274054349e-12 9.330314800838248190e-12
2.071690518115117804e-13 4.310094014708038040e-12 1.066075630623814279e-11
2.919509698507219678e-13 5.082023722203330135e-12 1.211410001845587838e-11
4.002180735995630125e-13 5.983576697305917122e-12 1.368752902971478185e-11
5.855494440633598318e-13 7.005482176590331263e-12 1.540913179784320857e-11
7.997754171575068076e-13 8.162824196673120924e-12 1.728339624943554445e-11
1.150558529751886909e-12 9.475638208155063771e-12 1.928781090735466164e-11
1.611318374458717034e-12 1.093575570086294869e-11 2.152894063517155939e-11
2.193607652179766556e-12 1.256283338143247595e-11 2.395096337454053983e-11
2.966736390579077113e-12 1.437252376435792882e-11 2.676145373816097807e-11
4.022390528570212992e-12 1.634483462295606274e-11 2.974830916798345138e-11
5.183801501874029217e-12 1.853339162287885222e-11 3.301959743705684457e-11
6.664021077307644812e-12 2.092403591761036568e-11 3.652235099178508874e-11
8.106860797950565227e-12 2.354955281876359938e-11 4.047789609615858211e-11
9.720240301466631172e-12 2.642407194976767294e-11 4.473708342077227121e-11
1.168605478756201573e-11 2.964077187270317248e-11 4.937966139984828995e-11
1.374187058566696799e-11 3.312694634722828845e-11 5.461163838220908503e-11
1.603558944875534725e-11 3.696274962281394984e-11 6.038439205262418820e-11
1.859854056090538274e-11 4.115830248136192348e-11 6.654348764700675555e-11
2.144228923234946891e-11 4.580240392429398544e-11 7.331266778633540159e-11
2.473762880858161878e-11 5.088336585779294522e-11 8.075764996161237148e-11
2.841639635781355400e-11 5.651752208410505576e-11 8.898553819913772629e-11
3.238330457272825929e-11 6.269119277177502954e-11 9.815340152021266944e-11
3.680659196942160513e-11 6.950769221968107592e-11 1.081830565478852773e-10
4.159449861832009341e-11 7.690766045534334859e-11 1.191455740817276299e-10
4.691689366708783864e-11 8.507123591749099514e-11 1.311564624712841400e-10
5.284759669618329416e-11 9.416391984796766935e-11 1.444057782489943419e-10
5.930760275288456683e-11 1.040691658916387895e-10 1.588781065352244272e-10
6.650148609464941267e-11 1.150725930212020485e-10 1.746614382231458617e-10
7.440190144638862667e-11 1.270279187345815944e-10 1.925059807591087102e-10
8.323774669364832214e-11 1.403029024052082826e-10 2.121016826444890095e-10
9.297821040696135748e-11 1.548474544723190998e-10 2.334172938891918242e-10
1.037675071679818834e-10 1.707962333821038678e-10 2.565411277975108958e-10
1.156214020919074615e-10 1.883714872899274285e-10 2.820092354772661480e-10
1.285747293995218361e-10 2.075276918727263124e-10 3.099315135151354867e-10
1.431015418030033445e-10 2.285571505464006997e-10 3.407987361516881182e-10
1.589009141303336400e-10 2.518836501363873882e-10 3.749505705694460110e-10
1.763917516223428083e-10 2.774036995856933907e-10 4.122366919937550897e-10
1.957100221389376389e-10 3.054803832330927074e-10 4.530711972246155754e-10
2.170257738581358390e-10 3.361362847898760488e-10 4.983674805540941191e-10
2.401111639627170941e-10 3.698454217237065033e-10 5.474156085968415786e-10
2.652776061726783100e-10 4.069267659952630643e-10 6.015089773366005708e-10
2.928881219759783109e-10 4.479047982914043202e-10 6.607529046160517460e-10
3.234003931853721090e-10 4.927711531934564860e-10 7.260306642749825926e-10
3.574619396017896513e-10 5.418430615707000185e-10 7.976584286593599986e-10
3.939046971849365648e-10 5.959760466453077377e-10 8.769913060154852912e-10
4.350189199863037090e-10 6.551994162111700036e-10 9.631054316200308593e-10
4.798781970604569905e-10 7.200898725821813686e-10 1.057250432059042689e-09
5.288051049164551384e-10 7.918286258678452463e-10 1.161148869252108784e-09
5.817793971724946750e-10 8.704856384085688929e-10 1.275119699746351212e-09
6.397950146224736583e-10 9.563898422947096066e-10 1.400322048132049999e-09
7.055818613788446004e-10 1.051158816570789836e-09 1.537527031282163624e-09
7.759675957224024695e-10 1.155373840979552509e-09 1.688493397215508925e-09
8.537533736107071625e-10 1.269998438280161678e-09 1.855944035122287060e-09
9.388010750439305656e-10 1.395237399182162631e-09 2.040093167907742170e-09
1.032552569984580308e-09 1.532871792134560884e-09 2.241120901161225187e-09
1.134153546205688566e-09 1.684000001086243629e-09 2.459971313058898581e-09
