9.999999999999999547e-07 3.720070919223063075e-15
1.096985797892384023e-06 4.313902045380746649e-15
1.203377840777590506e-06 4.957243313907010595e-15
1.320088400831416760e-06 5.647510716182743107e-15
1.448118227674533100e-06 6.381875888404951874e-15
1.588565129428052708e-06 7.157620615681463434e-15
1.742633386009650705e-06 7.972502760264257727e-15
1.911644075385703595e-06 8.825097112039222297e-15
2.097046401323230812e-06 9.715074517789323302e-15
2.300430119772916844e-06 1.064338729543287408e-14
2.523539170434765982e-06 1.161238755217010881e-14
2.768286630392066801e-06 1.262579738204140622e-14
3.036771118035460538e-06 1.368860749058236970e-14
3.331294787934669962e-06 1.480688446598713369e-14
3.654383070957254277e-06 1.598754287122715097e-14
4.008806328898464506e-06 1.723810998085151892e-14
4.397603609302721006e-06 1.856653436651860298e-14
4.824108704165373363e-06 1.998105643671186007e-14
5.291978735958436362e-06 2.149015082154974544e-14
5.805225516094895368e-06 2.310253682384147639e-14
6.368249944718586522e-06 2.482722169344727802e-14
6.985879746785248997e-06 2.667353631176116729e-14
7.663410868007462581e-06 2.865113810980763934e-14
8.406652885618315837e-06 3.076993633420211835e-14
9.221978823334321272e-06 3.303994918761305376e-14
1.011637979766207114e-05 3.547108942644798061e-14
1.109752496412072123e-05 3.807291624787391818e-14
1.217382727739661976e-05 4.085438753073554778e-14
1.335451562929897430e-05 4.382366566829709623e-14
1.464971398307284918e-05 4.698800448629239939e-14
1.607052818261638468e-05 5.035377438783991441e-14
1.762914118095948102e-05 5.392662789041664161e-14
1.933891750455232097e-05 5.771182613883707108e-14
2.121451784910627868e-05 6.171468324210319687e-14
2.327202478960407187e-05 6.594116967624218086e-14
2.552908068239516468e-05 7.039852591919561002e-14
2.800503894183631128e-05 7.509591122820991299e-14
3.072112998861759335e-05 8.004498391350058544e-14
3.370064329271925001e-05 8.526035219136986236e-14
3.696912707195031789e-05 9.075985119403050453e-14
4.055460735840827523e-05 9.656461725876579177e-14
4.448782831127585431e-05 1.026989619957966883e-13
4.880251583654433487e-05 1.091900818313038348e-13
5.353566677410718833e-05 1.160676630136958392e-13
5.872786613189488590e-05 1.233634207572046180e-13
6.442363508721369713e-05 1.311107706297810921e-13
7.067181273927491600e-05 1.393444729902846528e-13
7.752597488629464379e-05 1.481005017267373385e-13
8.504489341802668747e-05 1.574160224042233557e-13
9.329304026284696006e-05 1.673294946078798887e-13
1.023411402105452698e-04 1.778811054199715898e-13
1.122667773510813578e-04 1.891118148411106623e-13
1.231550603292826216e-04 2.010660608859946465e-13
1.350993521198026509e-04 2.137896418105947664e-13
1.482020705798858503e-04 2.273311751111604207e-13
1.625755666443795110e-04 2.417422028287420601e-13
1.783430876931909215e-04 2.570774223909796325e-13
1.956398343517064872e-04 2.733949655575806383e-13
2.146141197858403608e-04 2.907566646857178945e-13
2.354286414322417768e-04 3.092283185762421143e-13
2.582618760682677613e-04 3.288799618473480209e-13
2.833096101839323875e-04 3.497861413696629452e-13
3.107866187782013824e-04 3.720262057806124761e-13
3.409285069746810937e-04 3.956846066583642551e-13
3.739937302478797796e-04 4.208512198693244227e-13
4.102658105827194793e-04 4.476216817309415351e-13
4.500557675700497698e-04 4.760977576157131356e-13
4.937047852839003808e-04 5.063877141379440510e-13
5.415871378079470779e-04 5.386067372545932221e-13
5.941133984965033281e-04 5.728773909174340816e-13
6.517339604882426947e-04 6.093299673278058877e-13
7.149428986597577062e-04 6.481031576155727424e-13
7.842822061337681189e-04 6.893444538839749816e-13
8.603464416684500826e-04 7.332107394222775580e-13
9.437878277775381061e-04 7.798688827459331646e-13
1.035321843295662538e-03 8.294963694938438557e-13
1.135733358343105071e-03 8.822819744911359779e-13
1.245883364295008152e-03 9.384264765028078991e-13
1.366716356462007289e-03 9.981434183294071135e-13
1.499268432786045498e-03 1.061659915043751325e-12
1.644676177994664444e-03 1.129217513401176004e-12
1.804186409392071833e-03 1.201073105576412273e-12
1.979166867853557332e-03 1.277499900606615307e-12
2.171117945694505096e-03 1.358788457152274745e-12
2.381685551976158062e-03 1.445247781368862237e-12
2.612675225563328932e-03 1.537206493942109936e-12
2.866067616948250220e-03 1.635014070568142828e-12
3.144035471591500111e-03 1.739042160431931001e-12
3.448962260405759751e-03 1.849685987511817690e-12
3.783462617131928916e-03 1.967365839826106954e-12
4.150404757850476717e-03 2.092528652037719654e-12
4.552935074866947852e-03 2.225649687165663668e-12
4.994505115855140363e-03 2.367234323489116922e-12
5.478901179593945181e-03 2.517819953087801250e-12
6.010276782070381706e-03 2.677977998839531761e-12
6.593188271333548338e-03 2.848316057095240928e-12
7.232633896483533706e-03 3.029480173671902792e-12
7.934096665797491649e-03 3.222157261232802629e-12
8.703591361485166558e-03 3.427077666596759646e-12
9.547716114208055702e-03 3.645017896994353368e-12
1.047370897959448710e-02 3.876803514793223961e-12
1.148951000187308641e-02 4.123312210746858336e-12
1.260382929679727468e-02 4.385477066368704267e-12
1.382622173764656327e-02 4.664290016609859917e-12
1.516716888470924160e-02 4.960805524617141780e-12
1.663816886076127308e-02 5.276144480967596717e-12
1.825183494319042310e-02 5.611498340419861855e-12
2.002200371815584384e-02 5.968133509888065280e-12
2.196385372416546911e-02 6.347396002028951569e-12
2.409403560239526884e-02 6.750716369537711274e-12
2.643081486974108163e-02 7.179614935969050207e-12
2.899422853882875281e-02 7.635707339635923788e-12
3.180625692794119413e-02 8.120710407884443126e-12
3.489101213406773511e-02 8.636448379796711614e-12
3.827494478516314802e-02 9.184859496129280840e-12
4.198707084443914495e-02 9.768002976045306364e-12
4.605922041145103785e-02 1.038806640093933076e-11
5.052631065335679711e-02 1.104737352637418290e-11
5.542664520663106997e-02 1.174839254384003045e-11
6.080224261649427170e-02 1.249374481469598034e-11
6.669919663030128565e-02 1.328621409924824523e-11
7.316807143427192517e-02 1.412875630444189360e-11
8.026433522257174491e-02 1.502450977407591651e-11
8.804883581643464796e-02 1.597680614577045978e-11
9.658832241158708809e-02 1.698918179909820869e-11
1.059560179277617004e-01 1.806538991930561999e-11
1.162322468679851811e-01 1.920941320086363277e-11
1.275051240713012957e-01 2.042547721466000317e-11
1.398713102647238526e-01 2.171806446193207973e-11
1.534368408930013306e-01 2.309192913698916149e-11
1.683180353330958334e-01 2.455211261932542062e-11
1.846424942895542598e-01 2.610395971381301514e-11
2.025501939230666404e-01 2.775313565521033973e-11
2.221946860939523760e-01 2.950564389013480421e-11
2.437444150122221598e-01 3.136784464583248193e-11
2.673841615839949171e-01 3.334647429041185572e-11
2.933166278390042514e-01 3.544866548356661570e-11
3.217641750250735400e-01 3.768196811004330524e-11
3.529707302730650254e-01 4.005437098004547908e-11
3.872038781812557340e-01 4.257432427121617611e-11
4.247571552536902884e-01 4.525076267558891429e-11
4.659525668664677434e-01 4.809312920169912815e-11
5.111433483440165348e-01 5.111139956663049230e-11
5.607169938205458504e-01 5.431610709481943691e-11
6.150985788580504154e-01 5.771836801961303739e-11
6.747544053110700046e-01 6.132990705947365377e-11
7.401959996915636886e-01 6.516308311291197637e-11
8.119844993184008874e-01 6.923091488421828360e-11
8.907354638610439634e-01 7.354710621529703557e-11
9.771241535346502083e-01 7.812607085678901159e-11
1.071891319205128701e+00 8.298295636350081823e-11
1.175849554052158075e+00 8.813366674421026781e-11
1.289890261253308079e+00 9.359488343334246614e-11
1.414991297434575968e+00 9.938408408090617607e-11
1.552225357427047925e+00 1.055195585764372545e-10
1.702769172225901295e+00 1.120204216314365750e-10
1.867913599020784687e+00 1.189066211417139403e-10
2.049074689815846284e+00 1.261989414349026830e-10
2.247805833548725207e+00 1.339190003778188346e-10
2.465811075822603726e+00 1.420892391718685673e-10
2.704959730463137202e+00 1.507329035008628577e-10
2.967302408188872587e+00 1.598740145128195807e-10
3.255088599835056495e+00 1.695373279140761993e-10
3.570785964900462517e+00 1.797482792288278016e-10
3.917101490809260511e+00 1.905329141252660369e-10
4.297004704320843693e+00 2.019178096375908494e-10
4.713753134116728916e+00 2.139299795350785028e-10
5.170920242896755781e+00 2.265967597783543847e-10
5.672426068491977169e+00 2.399456820838383331e-10
6.222570836730231036e+00 2.540043419677114580e-10
6.826071834272393168e+00 2.688002757682997532e-10
7.488103857590030721e+00 2.843608707263142464e-10
8.214343584919422625e+00 3.007133538704023034e-10
9.011018251665019463e+00 3.178849048468307329e-10
9.884959046625585444e+00 3.359027732056869018e-10
1.084365968689610860e+01 3.547948954635326398e-10
1.189534067370320791e+01 3.745912248249393970e-10
1.304901978014401642e+01 3.953254686014783993e-10
1.431458937523478525e+01 4.170374836756273365e-10
1.570290124729377546e+01 4.397764253262122745e-10
1.722585965398787522e+01 4.636044727075586414e-10
1.889652339691211580e+01 4.886008320098367416e-10
2.072921779595369784e+01 5.148654047988942001e-10
2.273965752357927528e+01 5.425210833448731971e-10
2.494508135230316626e+01 5.717143180650602438e-10
2.736439997074672092e+01 6.026166201367721133e-10
3.001835813575592127e+01 6.354259953063858295e-10
3.292971255097148031e+01 6.703615859005745676e-10
3.612342699709430605e+01 7.076528168209991991e-10
3.962688638701478538e+01 7.475216430405712631e-10
4.347013158125026422e+01 7.901500774974753310e-10
4.768611697714474218e+01 8.356285502636732203e-10
5.231099308056258224e+01 8.838795260930498055e-10
5.738441648302392650e+01 9.345650797562427082e-10
6.294988990221887804e+01 9.869857201950778101e-10
6.905513520162330110e+01 1.040002477390276612e-09
7.575250258771920642e+01 1.092027849314048213e-09
8.309941949353404311e+01 1.141100535271441307e-09
9.115888299750818646e+01 1.185150950434113981e-09
1.000000000000000000e+02 1.222444866821471798e-09
