1.000000000000000000e-04 2.302189299891344e-17
1.578702451210823991e-04 1.665107429744523621e-16
1.919933201628291127e-04 3.940264611924062625e-16
2.396643289023980480e-04 1.014573079031398394e-15
2.858187078867302109e-04 2.133151597655939332e-15
3.783586635060125279e-04 6.503232788531794229e-15
5.276908982281327534e-04 2.121176138300921121e-14
6.985421789710410251e-04 5.191941485486269404e-14
8.276505833588455830e-04 8.473127189909365288e-14
9.934983240107333850e-04 1.382794559165901034e-13
1.208239346538862551e-03 2.218894405502495165e-13
1.488690896351642194e-03 3.500907571309998165e-13
1.798694915806263710e-03 5.076329898654043839e-13
2.201791566750143595e-03 7.237424861464790989e-13
2.933743202312859115e-03 1.103972235208728757e-12
3.858355733148047424e-03 1.547595355089053762e-12
4.692325187740238081e-03 1.927577910649017942e-12
6.171180823065721549e-03 2.525639458541473685e-12
7.311772376790158338e-03 2.891019763579089621e-12
9.616185509086463273e-03 3.600854588507152347e-12
1.110007157096943795e-02 3.984881065489345196e-12
1.332434571290085426e-02 4.484975831338103577e-12
1.599432828354223346e-02 5.047831510428473552e-12
2.159124176543180187e-02 6.287230369478621790e-12
7.958841546282288681e-02 1.487792972953812372e-11
9.806215125667218369e-02 1.703029652303371157e-11
1.059560180000000000e-01 1.806538990000000000e-11
1.0843659700000000000e01 3.547948950000000000e-10
1.0000000000000000000e02  1.222444870000000000e-09
