9.999999999999999547e-07 4.353372848500396574e-24
1.096985797892384023e-06 5.747203392528243995e-24
1.203377840777590506e-06 7.587245301881148522e-24
1.320088400831416760e-06 1.001630956349743454e-23
1.448118227674533100e-06 1.322289288340463944e-23
1.588565129428052708e-06 1.745578109392325308e-23
1.742633386009650705e-06 2.304331436324360245e-23
1.911644075385703595e-06 3.041879910939747577e-23
2.097046401323230812e-06 4.015402286777438205e-23
2.300430119772916844e-06 5.300344932641229143e-23
2.523539170434765982e-06 6.996248548988840671e-23
2.768286630392066801e-06 9.234428708790741786e-23
3.036771118035460538e-06 1.218809748428095340e-22
3.331294787934669962e-06 1.608569852247826653e-22
3.654383070957254277e-06 2.122847085034978707e-22
4.008806328898464506e-06 2.801357467090236697e-22
4.397603609302721006e-06 3.696452881706250634e-22
4.824108704165373363e-06 4.877125496421275557e-22
5.291978735958436362e-06 6.434273693837893060e-22
5.805225516094895368e-06 8.487623257873253175e-22
6.368249944718586522e-06 1.119481897095792727e-21
6.985879746785248997e-06 1.476335954636558212e-21
7.663410868007462581e-06 1.946625424403197140e-21
8.406652885618315837e-06 2.566254557559506986e-21
9.221978823334321272e-06 3.382418739164234833e-21
1.011637979766207114e-05 4.457121345389932679e-21
1.109752496412072123e-05 5.871770554597564047e-21
1.217382727739661976e-05 7.733181110291742989e-21
1.335451562929897430e-05 1.018140046131672781e-20
1.464971398307284918e-05 1.339990063453319707e-20
1.607052818261638468e-05 1.762883151174247299e-20
1.762914118095948102e-05 2.318222835608181198e-20
1.933891750455232097e-05 3.047031583521584606e-20
2.121451784910627868e-05 4.002836798626324042e-20
2.327202478960407187e-05 5.255397997559116631e-20
2.552908068239516468e-05 6.895510959900109534e-20
2.800503894183631128e-05 9.041187638287705122e-20
3.072112998861759335e-05 1.184558920165134636e-19
3.370064329271925001e-05 1.550718881257046272e-19
3.696912707195031789e-05 2.028276431367891461e-19
4.055460735840827523e-05 2.650397735759188571e-19
4.448782831127585431e-05 3.459849304875160414e-19
4.880251583654433487e-05 4.511684587410979735e-19
5.353566677410718833e-05 5.876658234687830865e-19
5.872786613189488590e-05 7.645563414266466513e-19
6.442363508721369713e-05 9.934743765589400850e-19
7.067181273927491600e-05 1.289310679152596137e-18
7.752597488629464379e-05 1.671106882830683074e-18
8.504489341802668747e-05 2.163200367068616222e-18
9.329304026284696006e-05 2.796696608510300122e-18
1.023411402105452698e-04 3.611374109290900129e-18
1.122667773510813578e-04 4.658166332616931423e-18
1.231550603292826216e-04 6.002420617639078681e-18
1.350993521198026509e-04 7.728211826616900030e-18
1.482020705798858503e-04 9.944096625069707519e-18
1.625755666443795110e-04 1.279084323228343113e-17
1.783430876931909215e-04 1.645187323781807925e-17
1.956398343517064872e-04 2.116742302010371329e-17
2.146141197858403608e-04 2.725378576061023250e-17
2.354286414322417768e-04 3.512945234557073129e-17
2.582618760682677613e-04 4.535052861908328515e-17
2.833096101839323875e-04 5.865853152033764644e-17
3.107866187782013824e-04 7.604445230892039684e-17
3.409285069746810937e-04 9.883380186046876446e-17
3.739937302478797796e-04 1.287987167003811044e-16
4.102658105827194793e-04 1.683034625931286894e-16
4.500557675700497698e-04 2.204912786224494756e-16
4.937047852839003808e-04 2.895203036229921257e-16
5.415871378079470779e-04 3.808571282833772516e-16
5.941133984965033281e-04 5.016351534779371454e-16
6.517339604882426947e-04 6.610843093097718518e-16
7.149428986597577062e-04 8.710363386514498930e-16
7.842822061337681189e-04 1.146506721599051195e-15
8.603464416684500826e-04 1.506353006782945123e-15
9.437878277775381061e-04 1.974009248957942394e-15
1.035321843295662538e-03 2.578287105890963233e-15
1.135733358343105071e-03 3.354266659694826972e-15
1.245883364295008152e-03 4.344271792429041132e-15
1.366716356462007289e-03 5.598982932977312894e-15
1.499268432786045498e-03 7.178750557402997369e-15
1.644676177994664444e-03 9.155199770572083692e-15
1.804186409392071833e-03 1.161328190604546996e-14
1.979166867853557332e-03 1.465394188569588151e-14
2.171117945694505096e-03 1.839759526351611386e-14
2.381685551976158062e-03 2.298864756846168710e-14
2.612675225563328932e-03 2.860119945919448574e-14
2.866067616948250220e-03 3.544609832906431330e-14
3.144035471591500111e-03 4.377933226884378172e-14
3.448962260405759751e-03 5.391162039255365725e-14
3.783462617131928916e-03 6.621899356232032922e-14
4.150404757850476717e-03 8.115384433828669404e-14
4.552935074866947852e-03 9.925589451626096229e-14
4.994505115855140363e-03 1.211624325712953163e-13
5.478901179593945181e-03 1.476169228447473634e-13
6.010276782070381706e-03 1.794756357302165242e-13
6.593188271333548338e-03 2.177112043741155790e-13
7.232633896483533706e-03 2.634131533048485108e-13
7.934096665797491649e-03 3.177850826428774781e-13
8.703591361485166558e-03 3.821387071295263281e-13
9.547716114208055702e-03 4.578858732425353589e-13
1.047370897959448710e-02 5.465257263196994697e-13
1.148951000187308641e-02 6.496380105676031058e-13
1.260382929679727468e-02 7.688709672922278484e-13
1.382622173764656327e-02 9.059325675275267430e-13
1.516716888470924160e-02 1.062587179048912989e-12
1.663816886076127308e-02 1.240654458039717859e-12
1.825183494319042310e-02 1.442012785005210172e-12
2.002200371815584384e-02 1.668606544962311866e-12
2.196385372416546911e-02 1.922455586275950960e-12
2.409403560239526884e-02 2.205666183983891952e-12
2.643081486974108163e-02 2.520440679069139427e-12
2.899422853882875281e-02 2.869083920156939073e-12
3.180625692794119413e-02 3.254005234126286784e-12
3.489101213406773511e-02 3.677713010051944245e-12
3.827494478516314802e-02 4.142803407054550907e-12
4.198707084443914495e-02 4.651941093274260573e-12
4.605922041145103785e-02 5.207834586033121863e-12
5.052631065335679711e-02 5.813206623099479131e-12
5.542664520663106997e-02 6.470769304299982398e-12
6.080224261649427170e-02 7.183197381248294980e-12
6.669919663030128565e-02 7.953111768027461609e-12
7.316807143427192517e-02 8.783073014892898386e-12
8.026433522257174491e-02 9.675587517544909277e-12
8.804883581643464796e-02 1.063312692492322184e-11
9.658832241158708809e-02 1.165815997148679436e-11
1.059560179277617004e-01 1.275319418058069123e-11
1.162322468679851811e-01 1.392082434191657107e-11
1.275051240713012957e-01 1.516378504226719405e-11
1.398713102647238526e-01 1.648500206179864062e-11
1.534368408930013306e-01 1.788764004733580829e-11
1.683180353330958334e-01 1.937514990150580176e-11
1.846424942895542598e-01 2.095130627129029991e-11
2.025501939230666404e-01 2.262023944080651377e-11
2.221946860939523760e-01 2.438646090093077043e-11
2.437444150122221598e-01 2.625488349220894222e-11
2.673841615839949171e-01 2.823083374155746562e-11
2.933166278390042514e-01 3.032006391988973209e-11
3.217641750250735400e-01 3.252876452999233854e-11
3.529707302730650254e-01 3.486358247656700701e-11
3.872038781812557340e-01 3.733164942612372490e-11
4.247571552536902884e-01 3.994038746752413365e-11
4.659525668664677434e-01 4.269869697786771248e-11
5.111433483440165348e-01 4.561472469681553722e-11
5.607169938205458504e-01 4.869818806047380273e-11
6.150985788580504154e-01 5.195927621069308953e-11
6.747544053110700046e-01 5.540890254802679353e-11
7.401959996915636886e-01 5.905871907851071494e-11
8.119844993184008874e-01 6.292111512136867468e-11
8.907354638610439634e-01 6.700920905170271619e-11
9.771241535346502083e-01 7.133683399947836302e-11
1.071891319205128701e+00 7.591852947401221037e-11
1.175849554052158075e+00 8.076953581919721369e-11
1.289890261253308079e+00 8.590580513121420553e-11
1.414991297434575968e+00 9.134400736708734733e-11
1.552225357427047925e+00 9.710158974572079547e-11
1.702769172225901295e+00 1.031967931757881779e-10
1.867913599020784687e+00 1.096487311849953267e-10
2.049074689815846284e+00 1.164774482251434359e-10
2.247805833548725207e+00 1.237039988823349390e-10
2.465811075822603726e+00 1.313505147340459080e-10
2.704959730463137202e+00 1.394402773832066024e-10
2.967302408188872587e+00 1.479977498485380466e-10
3.255088599835056495e+00 1.570485606352058337e-10
3.570785964900462517e+00 1.666194819515719230e-10
3.917101490809260511e+00 1.767383376885883538e-10
4.297004704320843693e+00 1.874338898799534256e-10
4.713753134116728916e+00 1.987357064945350406e-10
5.170920242896755781e+00 2.106740312959485391e-10
5.672426068491977169e+00 2.232796837352299569e-10
6.222570836730231036e+00 2.365839946286006463e-10
6.826071834272393168e+00 2.506188732937417343e-10
7.488103857590030721e+00 2.654168686505035977e-10
8.214343584919422625e+00 2.810114287502288964e-10
9.011018251665019463e+00 2.974371876797670696e-10
9.884959046625585444e+00 3.147327851708092360e-10
1.084365968689610860e+01 3.329359010186330915e-10
1.189534067370320791e+01 3.520887344447568968e-10
1.304901978014401642e+01 3.722386992295144997e-10
1.431458937523478525e+01 3.934402451389384189e-10
1.570290124729377546e+01 4.157575817390808498e-10
1.722585965398787522e+01 4.392683562760171745e-10
1.889652339691211580e+01 4.640681633431020967e-10
2.072921779595369784e+01 4.902757164457105255e-10
2.273965752357927528e+01 5.180377768967502866e-10
2.494508135230316626e+01 5.475327823185390194e-10
2.736439997074672092e+01 5.789738400922511743e-10
3.001835813575592127e+01 6.126056996340552881e-10
3.292971255097148031e+01 6.486856666555365289e-10
3.612342699709430605e+01 6.874516195566290395e-10
3.962688638701478538e+01 7.290895556553522397e-10
4.347013158125026422e+01 7.737051465581063451e-10
4.768611697714474218e+01 8.212937267769365835e-10
5.231099308056258224e+01 8.716870299956352989e-10
5.738441648302392650e+01 9.244739123832311726e-10
6.294988990221887804e+01 9.789038203210414706e-10
6.905513520162330110e+01 1.033806545942007121e-09
7.575250258771920642e+01 1.087579556127028275e-09
8.309941949353404311e+01 1.138260289294735476e-09
9.115888299750818646e+01 1.183788095188273128e-09
1.000000000000000000e+02 1.222444866821471798e-09
