9.999999999999999547e-07 9.686804778078573637e-17
1.096985797892384023e-06 1.197762958669537934e-16
1.203377840777590506e-06 1.477937485333477064e-16
1.320088400831416760e-06 1.820089679604376363e-16
1.448118227674533100e-06 2.237182997937647163e-16
1.588565129428052708e-06 2.744526189664120820e-16
1.742633386009650705e-06 3.360036786120141911e-16
1.911644075385703595e-06 4.104491036536543541e-16
2.097046401323230812e-06 5.001748251005971393e-16
2.300430119772916844e-06 6.078948097805968036e-16
2.523539170434765982e-06 7.366661214586776766e-16
2.768286630392066801e-06 8.898985204715861715e-16
3.036771118035460538e-06 1.071360092621771431e-15
3.331294787934669962e-06 1.285176993726249034e-15
3.654383070957254277e-06 1.535820875167680488e-15
4.008806328898464506e-06 1.828104742100075327e-15
4.397603609302721006e-06 2.167160999065569915e-15
4.824108704165373363e-06 2.558417241651480277e-15
5.291978735958436362e-06 3.007572429378413535e-15
5.805225516094895368e-06 3.520566995381678991e-15
6.368249944718586522e-06 4.103550752935777467e-15
6.985879746785248997e-06 4.762850585413441576e-15
7.663410868007462581e-06 5.504939984375330901e-15
8.406652885618315837e-06 6.336411231259426420e-15
9.221978823334321272e-06 7.263954876122735970e-15
1.011637979766207114e-05 8.294349454451107891e-15
1.109752496412072123e-05 9.434463247481457509e-15
1.217382727739661976e-05 1.069127057998679267e-14
1.335451562929897430e-05 1.207188263058233353e-14
1.464971398307284918e-05 1.358359511793713206e-14
1.607052818261638468e-05 1.523394890502390245e-14
1.762914118095948102e-05 1.703080571787452268e-14
1.933891750455232097e-05 1.898243987670518131e-14
2.121451784910627868e-05 2.109764212686316700e-14
2.327202478960407187e-05 2.338583817887386015e-14
2.552908068239516468e-05 2.585721885959379849e-14
2.800503894183631128e-05 2.852287832978924047e-14
3.072112998861759335e-05 3.139495713254595211e-14
3.370064329271925001e-05 3.448678846890078773e-14
3.696912707195031789e-05 3.781304809536802544e-14
4.055460735840827523e-05 4.138991322473069226e-14
4.448782831127585431e-05 4.523523734798821446e-14
4.880251583654433487e-05 4.936874594453668595e-14
5.353566677410718833e-05 5.381225198656479470e-14
5.872786613189488590e-05 5.858988575285735158e-14
6.442363508721369713e-05 6.372832763748876065e-14
7.067181273927491600e-05 6.925703029827423221e-14
7.752597488629464379e-05 7.520841698238480225e-14
8.504489341802668747e-05 8.161804504062020436e-14
9.329304026284696006e-05 8.852472344883702761e-14
1.023411402105452698e-04 9.597057779559862037e-14
1.122667773510813578e-04 1.040010644014116282e-13
1.231550603292826216e-04 1.126649347651013153e-13
1.350993521198026509e-04 1.220141659841235715e-13
1.482020705798858503e-04 1.321038532940835027e-13
1.625755666443795110e-04 1.429921111595676632e-13
1.783430876931909215e-04 1.547399631883424398e-13
1.956398343517064872e-04 1.674112881201172988e-13
2.146141197858403608e-04 1.810728328111522463e-13
2.354286414322417768e-04 1.957943262601291508e-13
2.582618760682677613e-04 2.116487061301903020e-13
2.833096101839323875e-04 2.287124478420212312e-13
3.107866187782013824e-04 2.470659650444419138e-13
3.409285069746810937e-04 2.667940405426610233e-13
3.739937302478797796e-04 2.879862391842993842e-13
4.102658105827194793e-04 3.107372613495493702e-13
4.500557675700497698e-04 3.351471949919009073e-13
4.937047852839003808e-04 3.613216801673866105e-13
5.415871378079470779e-04 3.893719863458831894e-13
5.941133984965033281e-04 4.194150709114018117e-13
6.517339604882426947e-04 4.515736378716010886e-13
7.149428986597577062e-04 4.859762586311890117e-13
7.842822061337681189e-04 5.227575764856960484e-13
8.603464416684500826e-04 5.620586362594577385e-13
9.437878277775381061e-04 6.040273121034552140e-13
1.035321843295662538e-03 6.488189742585283751e-13
1.135733358343105071e-03 6.965972451348435315e-13
1.245883364295008152e-03 7.475349801689055288e-13
1.366716356462007289e-03 8.018153378728939136e-13
1.499268432786045498e-03 8.596329661856253345e-13
1.644676177994664444e-03 9.211951207724603964e-13
1.804186409392071833e-03 9.867226641629983380e-13
1.979166867853557332e-03 1.056450824444861318e-12
2.171117945694505096e-03 1.130629678709328499e-12
2.381685551976158062e-03 1.209524380066761537e-12
2.612675225563328932e-03 1.293415180370314624e-12
2.866067616948250220e-03 1.382597543921239495e-12
3.144035471591500111e-03 1.477382268180256542e-12
3.448962260405759751e-03 1.578095951502151102e-12
3.783462617131928916e-03 1.685082063261353620e-12
4.150404757850476717e-03 1.798702536910162113e-12
4.552935074866947852e-03 1.919340355290350312e-12
4.994505115855140363e-03 2.047402916021145910e-12
5.478901179593945181e-03 2.183326585557383090e-12
6.010276782070381706e-03 2.327582063256107343e-12
6.593188271333548338e-03 2.480680262903473134e-12
7.232633896483533706e-03 2.643178768707038255e-12
7.934096665797491649e-03 2.815688109946112788e-12
8.703591361485166558e-03 2.998877538499903067e-12
9.547716114208055702e-03 3.193479860189580507e-12
1.047370897959448710e-02 3.400294955481794858e-12
1.148951000187308641e-02 3.620191568656186937e-12
1.260382929679727468e-02 3.854109065851894056e-12
1.382622173764656327e-02 4.103055016972644368e-12
1.516716888470924160e-02 4.368105338808708568e-12
1.663816886076127308e-02 4.650402563985712427e-12
1.825183494319042310e-02 4.951154803743028527e-12
2.002200371815584384e-02 5.271635899563946568e-12
2.196385372416546911e-02 5.613186791651017284e-12
2.409403560239526884e-02 5.977218815824840327e-12
2.643081486974108163e-02 6.365218743228860962e-12
2.899422853882875281e-02 6.778755606103599709e-12
3.180625692794119413e-02 7.219489504850317795e-12
3.489101213406773511e-02 7.689182008335176826e-12
3.827494478516314802e-02 8.189705505236994432e-12
4.198707084443914495e-02 8.723057313848752174e-12
4.605922041145103785e-02 9.291369066268745624e-12
5.052631065335679711e-02 9.896917384361835797e-12
5.542664520663106997e-02 1.054213306645119438e-11
6.080224261649427170e-02 1.122960925663249593e-11
6.669919663030128565e-02 1.196210883941509391e-11
7.316807143427192517e-02 1.274257260628292121e-11
8.026433522257174491e-02 1.357412766336976497e-11
8.804883581643464796e-02 1.446009780328065414e-11
9.658832241158708809e-02 1.540401564133535371e-11
1.059560179277617004e-01 1.640963750465514844e-11
1.162322468679851811e-01 1.748095957614109527e-11
1.275051240713012957e-01 1.862223729917538664e-11
1.398713102647238526e-01 1.983800610661697514e-11
1.534368408930013306e-01 2.113310389771626815e-11
1.683180353330958334e-01 2.251269448230811853e-11
1.846424942895542598e-01 2.398229106379762484e-11
2.025501939230666404e-01 2.554777892020963693e-11
2.221946860939523760e-01 2.721543634788695553e-11
2.437444150122221598e-01 2.899195313264394096e-11
2.673841615839949171e-01 3.088444644242542363e-11
2.933166278390042514e-01 3.290047300666701028e-11
3.217641750250735400e-01 3.504804022884184025e-11
3.529707302730650254e-01 3.733561324899579278e-11
3.872038781812557340e-01 3.977212068098942009e-11
4.247571552536902884e-01 4.236695786917110443e-11
4.659525668664677434e-01 4.512998966852313526e-11
5.111433483440165348e-01 4.807155187025575098e-11
5.607169938205458504e-01 5.120245355435654483e-11
6.150985788580504154e-01 5.453398245075892654e-11
6.747544053110700046e-01 5.807791337063462176e-11
7.401959996915636886e-01 6.184652364068396861e-11
8.119844993184008874e-01 6.585261306051994590e-11
8.907354638610439634e-01 7.010953127993399581e-11
9.771241535346502083e-01 7.463120815901322447e-11
1.071891319205128701e+00 7.943218804552397577e-11
1.175849554052158075e+00 8.452766410564798606e-11
1.289890261253308079e+00 8.993351614153226402e-11
1.414991297434575968e+00 9.566634894019858666e-11
1.552225357427047925e+00 1.017435321527195897e-10
1.702769172225901295e+00 1.081832446515161627e-10
1.867913599020784687e+00 1.150045103726893231e-10
2.049074689815846284e+00 1.222272639713183118e-10
2.247805833548725207e+00 1.298722467283485340e-10
2.465811075822603726e+00 1.379612913990131704e-10
2.704959730463137202e+00 1.465170657833122073e-10
2.967302408188872587e+00 1.555632081110181274e-10
3.255088599835056495e+00 1.651241699967267017e-10
3.570785964900462517e+00 1.752257991598296057e-10
3.917101490809260511e+00 1.858941056659231239e-10
4.297004704320843693e+00 1.971564227614940806e-10
4.713753134116728916e+00 2.090407368203184202e-10
5.170920242896755781e+00 2.215757669661201214e-10
5.672426068491977169e+00 2.347907934375792775e-10
6.222570836730231036e+00 2.487155783757636099e-10
6.826071834272393168e+00 2.633802172655329272e-10
7.488103857590030721e+00 2.788149916640448117e-10
8.214343584919422625e+00 2.950502508325543983e-10
9.011018251665019463e+00 3.121163495423200658e-10
9.884959046625585444e+00 3.300442495962581992e-10
1.084365968689610860e+01 3.488643469333069409e-10
1.189534067370320791e+01 3.686084393635233041e-10
1.304901978014401642e+01 3.893113028970893293e-10
1.431458937523478525e+01 4.110127070898878590e-10
1.570290124729377546e+01 4.337606724150134545e-10
1.722585965398787522e+01 4.576154535261631748e-10
1.889652339691211580e+01 4.826543819322804211e-10
2.072921779595369784e+01 5.089764116122418783e-10
2.273965752357927528e+01 5.367060743895204321e-10
2.494508135230316626e+01 5.659955528660196647e-10
2.736439997074672092e+01 5.970271219381800735e-10
3.001835813575592127e+01 6.300136237852512490e-10
3.292971255097148031e+01 6.651891150659494999e-10
3.612342699709430605e+01 7.027913785639353112e-10
3.962688638701478538e+01 7.430392522601735397e-10
4.347013158125026422e+01 7.861006510843633745e-10
4.768611697714474218e+01 8.320464294815385523e-10
5.231099308056258224e+01 8.807803381806635959e-10
5.738441648302392650e+01 9.319500100450781542e-10
6.294988990221887804e+01 9.848464901224699251e-10
6.905513520162330110e+01 1.038325289571189342e-09
7.575250258771920642e+01 1.090796079831855800e-09
8.309941949353404311e+01 1.140296613184633443e-09
9.115888299750818646e+01 1.184757345991054618e-09
1.000000000000000000e+02 1.222444866821471798e-09
