9.999999999999999547e-07 5.771668682452701876e-26
1.096985797892384023e-06 7.619646773925278651e-26
1.203377840777590506e-06 1.005933625468863628e-25
1.320088400831416760e-06 1.328020572802081859e-25
1.448118227674533100e-06 1.753239332554524394e-25
1.588565129428052708e-06 2.314613294399264879e-25
1.742633386009650705e-06 3.055740038031416906e-25
1.911644075385703595e-06 4.034177003119098995e-25
2.097046401323230812e-06 5.325911060177866267e-25
2.300430119772916844e-06 7.031258691195432971e-25
2.523539170434765982e-06 9.282654936325580565e-25
2.768286630392066801e-06 1.225493483995151144e-24
3.036771118035460538e-06 1.617890483873973685e-24
3.331294787934669962e-06 2.135925668632461244e-24
3.654383070957254277e-06 2.819821160782563467e-24
4.008806328898464506e-06 3.722672615432879503e-24
4.397603609302721006e-06 4.914567590460881169e-24
4.824108704165373363e-06 6.488020381485626202e-24
5.291978735958436362e-06 8.565143580369844471e-24
5.805225516094895368e-06 1.130711019578761778e-23
6.368249944718586522e-06 1.492663723308809262e-23
6.985879746785248997e-06 1.970445301485113195e-23
7.663410868007462581e-06 2.601101654374687577e-23
8.406652885618315837e-06 3.433515987502467472e-23
9.221978823334321272e-06 4.532185347767628340e-23
1.011637979766207114e-05 5.982199088804980165e-23
1.109752496412072123e-05 7.895800093492587254e-23
1.217382727739661976e-05 1.042103005068130917e-22
1.335451562929897430e-05 1.375311752613403504e-22
1.464971398307284918e-05 1.814947377933800867e-22
1.607052818261638468e-05 2.394943216207289314e-22
1.762914118095948102e-05 3.160022172568510106e-22
1.933891750455232097e-05 4.169112802869518491e-22
2.121451784910627868e-05 5.499839929135041533e-22
2.327202478960407187e-05 7.254424371597749047e-22
2.552908068239516468e-05 9.567429268204780704e-22
2.800503894183631128e-05 1.261592401574167943e-21
3.072112998861759335e-05 1.663280965460102741e-21
3.370064329271925001e-05 2.192427480123563656e-21
3.696912707195031789e-05 2.889264062670933496e-21
4.055460735840827523e-05 3.806622843559674131e-21
4.448782831127585431e-05 5.013836397097895330e-21
4.880251583654433487e-05 6.601825121254864687e-21
5.353566677410718833e-05 8.689723640657696186e-21
5.872786613189488590e-05 1.143349951723628327e-20
6.442363508721369713e-05 1.503714552499191216e-20
7.067181273927491600e-05 1.976718875656439043e-20
7.752597488629464379e-05 2.597146531799531399e-20
8.504489341802668747e-05 3.410336826214417259e-20
9.329304026284696006e-05 4.475309845717113012e-20
1.023411402105452698e-04 5.868785454428992779e-20
1.122667773510813578e-04 7.690340353590058257e-20
1.231550603292826216e-04 1.006901055420419083e-19
1.350993521198026509e-04 1.317172480813171808e-19
1.482020705798858503e-04 1.721405261833300770e-19
1.625755666443795110e-04 2.247387397189896982e-19
1.783430876931909215e-04 2.930873184982599765e-19
1.956398343517064872e-04 3.817782618900520571e-19
2.146141197858403608e-04 4.966986293141541619e-19
2.354286414322417768e-04 6.453830483698824785e-19
2.582618760682677613e-04 8.374601604232539950e-19
2.833096101839323875e-04 1.085218928547801635e-18
3.107866187782013824e-04 1.404329114882567831e-18
3.409285069746810937e-04 1.814762368536489973e-18
3.739937302478797796e-04 2.341973270240158135e-18
4.102658105827194793e-04 3.018433182497703512e-18
4.500557675700497698e-04 3.885626900202905806e-18
4.937047852839003808e-04 4.996682560052127150e-18
5.415871378079470779e-04 6.419878336803494777e-18
5.941133984965033281e-04 8.243311984435005700e-18
6.517339604882426947e-04 1.058125010453908972e-17
7.149428986597577062e-04 1.358272042679585056e-17
7.842822061337681189e-04 1.744323285461503733e-17
8.603464416684500826e-04 2.242082692444660111e-17
9.437878277775381061e-04 2.885788368461510459e-17
1.035321843295662538e-03 3.721085831937351932e-17
1.135733358343105071e-03 4.809051691597015212e-17
1.245883364295008152e-03 6.231584566849293732e-17
1.366716356462007289e-03 8.098600198929799799e-17
1.499268432786045498e-03 1.055748695146490322e-16
1.644676177994664444e-03 1.380539589543353094e-16
1.804186409392071833e-03 1.810500653557276464e-16
1.979166867853557332e-03 2.380441667550877267e-16
2.171117945694505096e-03 3.136184135563291215e-16
2.381685551976158062e-03 4.137572069300836447e-16
2.612675225563328932e-03 5.462074497214356824e-16
2.866067616948250220e-03 7.209016850648934059e-16
3.144035471591500111e-03 9.504451064176120235e-16
3.448962260405759751e-03 1.250667029118164353e-15
3.783462617131928916e-03 1.641234813125227062e-15
4.150404757850476717e-03 2.146330845116351616e-15
4.552935074866947852e-03 2.795396768501718666e-15
4.994505115855140363e-03 3.623939762984980559e-15
5.478901179593945181e-03 4.674429562587783841e-15
6.010276782070381706e-03 5.997298293051408803e-15
6.593188271333548338e-03 7.652036185445458205e-15
7.232633896483533706e-03 9.708442993863441445e-15
7.934096665797491649e-03 1.224798804267838710e-14
8.703591361485166558e-03 1.536525515047395632e-14
9.547716114208055702e-03 1.916944090660737744e-14
1.047370897959448710e-02 2.378573230398071563e-14
1.148951000187308641e-02 2.935643106945100433e-14
1.260382929679727468e-02 3.604169453134986693e-14
1.382622173764656327e-02 4.401962201306778068e-14
1.516716888470924160e-02 5.348563103241447639e-14
1.663816886076127308e-02 6.465110081995513744e-14
1.825183494319042310e-02 7.774089070780067240e-14
2.002200371815584384e-02 9.299101529272773131e-14
2.196385372416546911e-02 1.106455378556526121e-13
2.409403560239526884e-02 1.309533049109737948e-13
2.643081486974108163e-02 1.541661611808558078e-13
2.899422853882875281e-02 1.805362734907915559e-13
3.180625692794119413e-02 2.103161576910221201e-13
3.489101213406773511e-02 2.437581837769525827e-13
3.827494478516314802e-02 2.811151941028253176e-13
4.198707084443914495e-02 3.226416018767278525e-13
4.605922041145103785e-02 3.685944691154976118e-13
5.052631065335679711e-02 4.192350405190375815e-13
5.542664520663106997e-02 4.748308035613077499e-13
6.080224261649427170e-02 5.356586170701768913e-13
6.669919663030128565e-02 6.020094204650230326e-13
7.316807143427192517e-02 6.741948509240216829e-13
8.026433522257174491e-02 7.525556724196332059e-13
8.804883581643464796e-02 8.374713838624542309e-13
9.658832241158708809e-02 9.293705817106439175e-13
1.059560179277617004e-01 1.028740061439272487e-12
1.162322468679851811e-01 1.136132794403573379e-12
1.275051240713012957e-01 1.252173257657125267e-12
1.398713102647238526e-01 1.377560047454099701e-12
1.534368408930013306e-01 1.513065506408538540e-12
1.683180353330958334e-01 1.659532299927945231e-12
1.846424942895542598e-01 1.817867653178204683e-12
2.025501939230666404e-01 1.989035582435954298e-12
2.221946860939523760e-01 2.174048989261255166e-12
2.437444150122221598e-01 2.373964761499131287e-12
2.673841615839949171e-01 2.589884862095786407e-12
2.933166278390042514e-01 2.822968131280634731e-12
3.217641750250735400e-01 3.074456662951041938e-12
3.529707302730650254e-01 3.345720856697492892e-12
3.872038781812557340e-01 3.638322371265824743e-12
4.247571552536902884e-01 3.954098108946554070e-12
4.659525668664677434e-01 4.295258479518603691e-12
5.111433483440165348e-01 4.664502067583687805e-12
5.607169938205458504e-01 5.065136897924568897e-12
6.150985788580504154e-01 5.501206877683765642e-12
6.747544053110700046e-01 5.977620253080217312e-12
7.401959996915636886e-01 6.500272980249197118e-12
8.119844993184008874e-01 7.076164882500162934e-12
8.907354638610439634e-01 7.713503408600416289e-12
9.771241535346502083e-01 8.421787728542710058e-12
1.071891319205128701e+00 9.211870236209521243e-12
1.175849554052158075e+00 1.009598242494625037e-11
1.289890261253308079e+00 1.108772127181967095e-11
1.414991297434575968e+00 1.220199031054341126e-11
1.552225357427047925e+00 1.345489117117219718e-11
1.702769172225901295e+00 1.486357266891970165e-11
1.867913599020784687e+00 1.644604041928365519e-11
2.049074689815846284e+00 1.822090912634513144e-11
2.247805833548725207e+00 2.020721930779891206e-11
2.465811075822603726e+00 2.242416049017516503e-11
2.704959730463137202e+00 2.489091935255714804e-11
2.967302408188872587e+00 2.762657747942928900e-11
3.255088599835056495e+00 3.065015296983860696e-11
3.570785964900462517e+00 3.398083863609572041e-11
3.917101490809260511e+00 3.763847293267079008e-11
4.297004704320843693e+00 4.164434344009251794e-11
4.713753134116728916e+00 4.602231098438588934e-11
5.170920242896755781e+00 5.080031961393925221e-11
5.672426068491977169e+00 5.601230469653508080e-11
6.222570836730231036e+00 6.170037815847941979e-11
6.826071834272393168e+00 6.791741400310619545e-11
7.488103857590030721e+00 7.472969584448883219e-11
8.214343584919422625e+00 8.221968534814104320e-11
9.011018251665019463e+00 9.048845175106759493e-11
9.884959046625585444e+00 9.968501887364112464e-11
1.084365968689610860e+01 1.099470269528499702e-10
1.189534067370320791e+01 1.214493379995643315e-10
1.304901978014401642e+01 1.343964359483717613e-10
1.431458937523478525e+01 1.490206903724778437e-10
1.570290124729377546e+01 1.655837149743307672e-10
1.722585965398787522e+01 1.843804063097323803e-10
1.889652339691211580e+01 2.057479744555795909e-10
2.072921779595369784e+01 2.300816348214221124e-10
2.273965752357927528e+01 2.578596991157596771e-10
2.494508135230316626e+01 2.896665699750191622e-10
2.736439997074672092e+01 3.261979428233560748e-10
3.001835813575592127e+01 3.682013710730254452e-10
3.292971255097148031e+01 4.163131887318817933e-10
3.612342699709430605e+01 4.708174182150702985e-10
3.962688638701478538e+01 5.314680972626866173e-10
4.347013158125026422e+01 5.975497312229333956e-10
4.768611697714474218e+01 6.680064354473238617e-10
5.231099308056258224e+01 7.416865911014381955e-10
5.738441648302392650e+01 8.173320085178311732e-10
6.294988990221887804e+01 8.936156131246798801e-10
6.905513520162330110e+01 9.689494139761630166e-10
7.575250258771920642e+01 1.041491321109477064e-09
8.309941949353404311e+01 1.109192402093509461e-09
9.115888299750818646e+01 1.170034400067123947e-09
1.000000000000000000e+02 1.222444866821471798e-09
