6.216451917204775088e-11 6.671133882379888335e-11 7.182284120298369462e-11
6.691633100145059858e-11 7.148894705006083791e-11 7.660001861992189884e-11
7.202092954220458761e-11 7.660752780900903929e-11 8.169532210030120734e-11
7.752976635822225794e-11 8.209255291050009627e-11 8.715209662601938567e-11
8.346069898054111713e-11 8.797099316519218730e-11 9.296576265030189326e-11
8.984231007903432781e-11 9.427263098142220978e-11 9.914820707467129384e-11
9.670501318590011027e-11 1.010194254688017572e-10 1.057662663784004435e-10
1.040765762036829944e-10 1.082480998546831229e-10 1.128025393820349810e-10
1.120385496921326154e-10 1.160003912622240086e-10 1.203201603589747432e-10
1.205579755671108363e-10 1.242925521952577069e-10 1.283064384355093190e-10
1.297215560339559053e-10 1.331650570301540941e-10 1.368657166546616755e-10
1.395163907655773932e-10 1.426552896858367097e-10 1.459694880974862882e-10
1.499711923823472713e-10 1.527347037420937706e-10 1.556508927088773945e-10
1.609259824039631397e-10 1.633163745563107812e-10 1.658297943548865210e-10
1.720476879008447222e-10 1.741273259045720419e-10 1.763167984530004135e-10
1.825076141089669101e-10 1.844173564459622976e-10 1.863761114592516238e-10
1.904340540557021965e-10 1.922998497188865737e-10 1.941671867540724296e-10
1.919372227942151361e-10 1.937056650237387855e-10 1.955034043958908358e-10
1.802463237245326182e-10 1.817512542267916299e-10 1.832798962876300383e-10
1.492494527453008167e-10 1.504290076933363720e-10 1.515914772830605429e-10
1.037555139252019676e-10 1.047112480764698905e-10 1.056421970866447957e-10
6.067110993676388067e-11 6.130718360883292756e-11 6.192992789653125692e-11
3.125683537810428937e-11 3.166025686186746497e-11 3.205569052322753592e-11
1.494552145154866825e-11 1.523054646681842598e-11 1.551148777074962946e-11
6.888551633288951438e-12 7.078849002708552127e-12 7.267980566876718257e-12
3.121863987125758194e-12 3.239141222246792106e-12 3.355752105212555486e-12
1.404347900333303066e-12 1.472295359298423335e-12 1.540033974116087969e-12
6.298842403158083914e-13 6.672315824928239053e-13 7.049886990579315177e-13
2.820363674358660286e-13 3.020105153585844182e-13 3.223803813200554463e-13
1.262728819068403736e-13 1.366244849548992661e-13 1.473436657843087577e-13
5.650199771780304674e-14 6.179837553695626992e-14 6.732170609600763437e-14
2.528556508480062141e-14 2.794949879162130529e-14 3.076122133013791092e-14
1.130995346185414505e-14 1.263863990578493378e-14 1.405404878368824726e-14
5.059965297727407811e-15 5.715283915132865612e-15 6.420891308835208077e-15
2.264641709315274002e-15 2.584773775966935312e-15 2.934846541459113994e-15
1.013103156634587498e-15 1.168816448754580893e-15 1.340787576457518226e-15
4.533468991005251436e-16 5.285424193252542972e-16 6.125426457867267475e-16
2.027861368328597092e-16 2.390333606842012966e-16 2.799882448052150671e-16
9.071495068182953457e-17 1.081020430722961643e-16 1.279401415653829301e-16
4.058402044268102064e-17 4.888540383728471008e-17 5.843307062807334954e-17
1.814704159264429730e-17 2.210877471880710570e-17 2.670199996631980719e-17
8.119222218077616631e-18 9.997550938349955479e-18 1.220308704029123519e-17
3.631119176849050864e-18 4.521014054995299495e-18 5.575982277181287199e-18
1.623935135686913690e-18 2.044429636812203341e-18 2.547534110398652475e-18
7.267642689221662545e-19 9.245255586922357335e-19 1.164177918414647294e-18
3.249282380620331822e-19 4.180961392673897332e-19 5.318782348695697061e-19
1.453799932870882934e-19 1.890759847271688514e-19 2.430110273175819137e-19
6.505160093992071380e-20 8.551176724042207716e-20 1.110824026828907067e-19
2.910082940080007049e-20 3.867233717013145868e-20 5.075429430986521825e-20
1.301735731882410558e-20 1.748844372286055782e-20 2.319160975489388589e-20
5.824969721768101044e-21 7.908142924419580174e-21 1.059698080894443662e-20
2.605615803165930008e-21 3.576320100739056874e-21 4.842573619805758078e-21
1.165553659973981312e-21 1.617312118423312170e-21 2.212879034713570805e-21
5.214673530781710420e-22 7.313774988775166386e-22 1.011046432736312371e-21
2.332948978298027564e-22 3.307491186754709201e-22 4.622054595682690600e-22
1.043742337845835053e-22 1.495741175978161206e-22 2.112053914390922253e-22
4.669689580730795943e-23 6.763769416668050869e-23 9.646352976359445296e-23
2.089318740811423679e-23 3.058753668413651198e-23 4.407195506639494631e-23
9.345471418759085539e-24 1.383293738381249207e-23 2.014143133085328664e-23
4.181182865938559614e-24 6.255313684163910002e-24 9.203519458540243403e-24
1.870645862104093793e-24 2.828667415246049664e-24 4.206129701214870258e-24
8.368884310761544258e-25 1.279205256306624156e-24 1.922213961178638414e-24
3.744586383689916383e-25 5.784738954412165001e-25 8.783616324987387101e-25
1.675312575394031755e-25 2.615943894420592362e-25 4.014150585881788086e-25
7.494263211307312876e-26 1.183117525534891234e-25 1.833835656028474019e-25
3.352365506307418512e-26 5.349521116557546217e-26 8.377349464795350006e-26
1.500043255399046775e-26 2.419429108637218470e-26 3.827956433060054271e-26
6.710855026706001514e-27 1.094326240634699080e-26 1.749333146983769746e-26
3.001706381396400955e-27 4.948937887174399840e-27 7.995796162296573562e-27
1.342648624696116111e-27 2.238138320239651393e-27 3.653837875181960503e-27
6.005557290989557017e-28 1.012126797315290957e-27 1.669306631139877090e-27
2.686233562889210063e-28 4.577407330872578931e-28 7.626687319443146584e-28
1.201524005754553734e-28 2.069989277620896469e-28 3.485207472980739819e-28
5.374316149785072912e-29 9.359824915126840027e-29 1.592371564148579166e-28
2.403974292713436733e-29 4.232195772009225415e-29 7.278783321361280150e-29
1.075255629003277634e-29 1.914016224933585623e-29 3.326698616583230769e-29
4.809457073113619200e-30 8.655207810048242505e-30 1.519990014982159964e-29
2.151188889153230067e-30 3.913706673315042294e-30 6.943923629775218092e-30
9.622257003610460272e-31 1.769769282299716192e-30 3.173125649505230094e-30
4.303952495813540932e-31 8.003335676630464362e-31 1.449109153114862472e-30
1.925187477289215466e-31 3.619400230872520755e-31 6.621754414338363345e-31
8.612138573952421385e-32 1.636776525886664957e-31 3.025260731249224482e-31
3.853078641703874488e-32 7.403722845962441098e-32 1.382524206071804862e-31
1.723836626254151660e-32 3.347745551681358279e-32 6.318373138606370436e-32
7.712307483392016856e-33 1.514062426648619843e-32 2.886841349690760403e-32
3.450449627497912374e-33 6.846758018873240435e-33 1.319169939516823694e-32
1.543713425573338734e-33 3.096225143546232008e-33 6.027368369765282868e-33
6.906417449881579443e-34 1.400325228612801099e-33 2.753800904532689377e-33
3.089716579166891410e-34 6.333580325390256328e-34 1.258388471673397847e-33
1.382362127473511787e-34 2.864323316440034156e-34 5.750326670644219315e-34
6.183984857236955443e-35 1.295439212114568827e-34 2.627651398929137829e-34
2.766759555353558639e-35 5.858351380503745628e-35 1.200883082122640762e-34
1.237754397164345484e-35 2.649297540186140645e-35 5.487086706990412566e-35
5.537850094223439183e-36 1.198117894202285884e-35 2.507326101702295473e-35
2.477430436059610606e-36 5.418192018360305045e-36 1.145768463620084120e-35
1.108347809908444354e-36 2.450137726715219575e-36 5.235438683854677246e-36
4.958578552705992735e-37 1.108007687478273348e-36 2.392361428490247095e-36
2.218353642424482499e-37 5.011207747228147577e-37 1.093220391580304258e-36
9.924675083068303104e-38 2.266067743105737449e-37 4.995928047330845352e-37
4.440064372810323304e-38 1.024834832037999130e-37 2.282804788621005010e-37
