1.055101763402895949e-17 8.531072259697574875e-17 5.639676044204830662e-16
1.469342963338493692e-17 1.113086672588507645e-16 6.937466056207232911e-16
2.050282630453578162e-17 1.458789906096168921e-16 8.547578758126734580e-16
2.849303650581321074e-17 1.907225729021791139e-16 1.053351292027820217e-15
3.965548411972480782e-17 2.490735036302596736e-16 1.296929287238015826e-15
5.519474394133511809e-17 3.255099755388836467e-16 1.590253643145020294e-15
7.704795933710106346e-17 4.254158414854890591e-16 1.949863491019544204e-15
1.073262670437991670e-16 5.571852645679855045e-16 2.404288122722183669e-15
1.498781777182981647e-16 7.287925310934590271e-16 2.955281211204562943e-15
2.097657411385045516e-16 9.546923209230957592e-16 3.633403238617687361e-15
2.920853694420643933e-16 1.249687977501179316e-15 4.473150908121478778e-15
4.071185410274900604e-16 1.632656248857693194e-15 5.515322400446705322e-15
5.688698545048082836e-16 2.133389508428976241e-15 6.792037883324831195e-15
7.940848431355370056e-16 2.787814306834576349e-15 8.356487190921558298e-15
1.108990453553231287e-15 3.645744947962944058e-15 1.025468060338698564e-14
1.545501935853805077e-15 4.752928071694515879e-15 1.262677591885308656e-14
2.154912628610407379e-15 6.215468192339290822e-15 1.552938969910587719e-14
3.004260546660585664e-15 8.118575161062524997e-15 1.907798576531267427e-14
4.186601879597971522e-15 1.060539561925050870e-14 2.343830022161865010e-14
5.832547871463459324e-15 1.380927209761295273e-14 2.883747257165957946e-14
8.122372731629549761e-15 1.801996857065315108e-14 3.546879767315123074e-14
1.130194078074892310e-14 2.347694719095403607e-14 4.354738718098287800e-14
1.570494453374282938e-14 3.067002663790968125e-14 5.343483638127920049e-14
2.181644601708999750e-14 3.992177165819503099e-14 6.566463539471723168e-14
3.031572036412012370e-14 5.194336242533099064e-14 8.078963856985830413e-14
4.201108251110146896e-14 6.754977797936404448e-14 9.926421992709752237e-14
5.785522917091794827e-14 8.747446898044632354e-14 1.219868315819089033e-13
7.940280824859233025e-14 1.133842457403681026e-13 1.505768984721687353e-13
1.084769263497544134e-13 1.467170113195254405e-13 1.861750783993732763e-13
1.476222524619593235e-13 1.890009970390333106e-13 2.312989291852813321e-13
1.983847799836401927e-13 2.435716400944544927e-13 2.888114822702639799e-13
2.621487208804225157e-13 3.128982558802426555e-13 3.637390965001937882e-13
3.391554554873615312e-13 4.020728013462057740e-13 4.648407669081623138e-13
4.315806470199658102e-13 5.140147754631653828e-13 6.005572220994672827e-13
5.381731139920495445e-13 6.557483513598552048e-13 7.831948681950028060e-13
6.618069277328416971e-13 8.341121303670824245e-13 1.020817683044143400e-12
8.074733367884677589e-13 1.056350330408110099e-12 1.327561481808276329e-12
9.798906327545592795e-13 1.329005748780755951e-12 1.714055503037849169e-12
1.184060176438857255e-12 1.659229640384049198e-12 2.189141516246366188e-12
1.426193750389264359e-12 2.061601276143184558e-12 2.765357149135741878e-12
1.717264528734625835e-12 2.543424918793282279e-12 3.448434581236194907e-12
2.057414829666462053e-12 3.113284640931184853e-12 4.249309013827598661e-12
2.463269748032406844e-12 3.778360522845865748e-12 5.160900461737930594e-12
2.934535027786006594e-12 4.548732066198683305e-12 6.172103558035129834e-12
3.475400420760339647e-12 5.433008928396436185e-12 7.314539236702436750e-12
4.108393796739524836e-12 6.420797197388360044e-12 8.567915482353091517e-12
4.843697452790252056e-12 7.528692503577982797e-12 9.939930831444982294e-12
5.692753835370380443e-12 8.770848603195065423e-12 1.146509865188605714e-11
6.654065530814107508e-12 1.013758728536851416e-11 1.313065705628637760e-11
7.749263444172409604e-12 1.164217242687999013e-11 1.495570144461582425e-11
9.008201018429950885e-12 1.330664411578520908e-11 1.697044171039781247e-11
1.042094347821467812e-11 1.510859038954844429e-11 1.914827243980090763e-11
1.199204676293285995e-11 1.710953057231123410e-11 2.153947693710260078e-11
1.375757106169904453e-11 1.928287024746751986e-11 2.416084967347162610e-11
1.571066794889244976e-11 2.164933370885769629e-11 2.705335105113657548e-11
1.788385264327144783e-11 2.424972200630734076e-11 3.019660385143696680e-11
2.027072557864716319e-11 2.707845350984928559e-11 3.357889281700337858e-11
2.287334222836419891e-11 3.017782433221656562e-11 3.734492835187020401e-11
2.572153788603333190e-11 3.358639791225147742e-11 4.146687660599037088e-11
2.883258711733764382e-11 3.727660578180589568e-11 4.597644184618330322e-11
3.227017587396012509e-11 4.136559129049740687e-11 5.095488328355481634e-11
3.601813689892982465e-11 4.590190653689906325e-11 5.635946867678688219e-11
4.014663216157293631e-11 5.085181085677894633e-11 6.229520446194679824e-11
4.467672977269298467e-11 5.625712735051674787e-11 6.885881881404264311e-11
4.961984882406549733e-11 6.219693186567880812e-11 7.600459559235805250e-11
5.494668299825849360e-11 6.869408655515138944e-11 8.386966426473578512e-11
6.091178880381539462e-11 7.582456106863898754e-11 9.252341148828973565e-11
6.732967231092267112e-11 8.362422436693494156e-11 1.019102581544456262e-10
7.434254208225324305e-11 9.226426249727794401e-11 1.123683309014660466e-10
8.224226339361428172e-11 1.016406134524234334e-10 1.236940814249784751e-10
9.074827479752438671e-11 1.119642266575683301e-10 1.361846798828053631e-10
1.001735622346763641e-10 1.233597583882718105e-10 1.498471202554242707e-10
1.106324518706695135e-10 1.357987303948051017e-10 1.648546661468253311e-10
1.219858963718099753e-10 1.494827767032096941e-10 1.814498927193175466e-10
1.344732713662942482e-10 1.644920482927213941e-10 1.994464713422943994e-10
1.481769200126605985e-10 1.810036761561650024e-10 2.193696970538226137e-10
1.631166238807057351e-10 1.990624900305987662e-10 2.413501946397878024e-10
1.797781077421501399e-10 2.188926190192820447e-10 2.652891275553677603e-10
1.978384282570260925e-10 2.406754308637316572e-10 2.917591807889428971e-10
2.178554982047043605e-10 2.646806636715400522e-10 3.206345417266082839e-10
2.395796280418655559e-10 2.909572785165773832e-10 3.525274691571260875e-10
2.636979925802261077e-10 3.197575581413176960e-10 3.875285557435054819e-10
2.900370110811861495e-10 3.514834970685561669e-10 4.257615568031403449e-10
3.188171506440398394e-10 3.862323710864947860e-10 4.676260954859328791e-10
3.503969344303793849e-10 4.245448544207289128e-10 5.136614913196569437e-10
3.851420715762423851e-10 4.664416774916841169e-10 5.641802140230561001e-10
4.232919091437857844e-10 5.124996718902423405e-10 6.195858638168985759e-10
4.651595394165966408e-10 5.629799805605798540e-10 6.805728656367617758e-10
5.111120567377231013e-10 6.181523957563477914e-10 7.476237921364524027e-10
5.614060694138080121e-10 6.787095771538986940e-10 8.210827900413936088e-10
6.168979021725226314e-10 7.454647650053287568e-10 9.014208164218643158e-10
6.774711259375841869e-10 8.188557107059924703e-10 9.895976255760812964e-10
7.441908147743547478e-10 8.993831528504051662e-10 1.086467313516017927e-09
8.175774059783650371e-10 9.879098929411280179e-10 1.192995047297918772e-09
8.978229811277713741e-10 1.085168527067432095e-09 1.310015476418494391e-09
9.858356041339157851e-10 1.191442394003013467e-09 1.438404609105163641e-09
1.083047860843558663e-09 1.308031476689103778e-09 1.578985557090432122e-09
1.188794993665085388e-09 1.436578016088638512e-09 1.733258453329140568e-09
1.305300193246178961e-09 1.577448242990216952e-09 1.902842809131352330e-09
1.433238135820795575e-09 1.731546918633197995e-09 2.088665982650511124e-09
