1.000000000000000000e-05 1.1859928116295382e-09
1.000000000000000048e-04 1.185992811629538154e-07
1.011591112223829728e-04 1.213646103427583307e-07
1.023316578330244966e-04 1.241944175252294977e-07
1.035177955630176228e-04 1.270902061162121673e-07
1.047176819485520245e-04 1.300535145758063454e-07
1.059314763518370031e-04 1.330859172357062088e-07
1.071593399822671198e-04 1.361890251356095124e-07
1.084014359178331018e-04 1.393644868791155832e-07
1.096579291267809898e-04 1.426139895095876692e-07
1.109289864895222780e-04 1.459392594064345527e-07
1.122147768207980290e-04 1.493420632022913781e-07
1.135154708920999033e-04 1.528242087215849120e-07
1.148312414543511137e-04 1.563875459409845193e-07
1.161622632608501891e-04 1.600339679722454090e-07
1.175087130904807617e-04 1.637654120679698908e-07
1.188707697711903309e-04 1.675838606508190310e-07
1.202486142037412301e-04 1.714913423667214388e-07
1.216424293857368039e-04 1.754899331626398420e-07
1.230524004359261579e-04 1.795817573894668790e-07
1.244787146187906256e-04 1.837689889306372883e-07
1.259215613694150942e-04 1.880538523570540501e-07
1.273811323186478520e-04 1.924386241089444838e-07
1.288576213185518003e-04 1.969256337052744576e-07
1.303512244681508938e-04 2.015172649813543950e-07
1.318621401394748458e-04 2.062159573553151819e-07
1.333905690039058638e-04 2.110242071241018749e-07
1.349367140588306430e-04 2.159445687896903920e-07
1.365007806546013845e-04 2.209796564162262004e-07
1.380829765218092263e-04 2.261321450188077308e-07
1.396835117988739626e-04 2.314047719846487123e-07
1.413025990599533599e-04 2.368003385273806973e-07
1.429404533431761061e-04 2.423217111752597739e-07
1.445972921792019463e-04 2.479718232940789983e-07
1.462733356201129868e-04 2.537536766455841069e-07
1.479688062686396383e-04 2.596703429822296941e-07
1.496839293077255632e-04 2.657249656791177025e-07
1.514189325304352018e-04 2.719207614039870405e-07
1.531740463702079740e-04 2.782610218261432117e-07
1.549495039314631646e-04 2.847491153652302021e-07
1.567455410205595065e-04 2.913884889807813406e-07
1.585623961771137158e-04 2.981826700034944722e-07
1.604003107056819902e-04 3.051352680092059032e-07
1.622595287078087002e-04 3.122499767365589125e-07
1.641402971144466361e-04 3.195305760493842722e-07
1.660428657187529582e-04 3.269809339448395009e-07
1.679674872092653225e-04 3.346050086083665384e-07
1.699144172034625999e-04 3.424068505165676109e-07
1.718839142817145534e-04 3.503906045891093735e-07
1.738762400216250527e-04 3.585605123908031682e-07
1.758916590327732731e-04 3.669209143850308827e-07
1.779304389918577296e-04 3.754762522397104110e-07
1.799928506782476454e-04 3.842310711870290710e-07
1.820791680099462359e-04 3.931900224381966293e-07
1.841896680799710861e-04 4.023578656545047890e-07
1.863246311931559835e-04 4.117394714759937578e-07
1.884843409033795474e-04 4.213398241090933799e-07
1.906690840512252085e-04 4.311640239745842369e-07
1.928791508020777693e-04 4.412172904173045914e-07
1.951148346846616412e-04 4.515049644790427065e-07
1.973764326300255292e-04 4.620325117360723376e-07
1.996642450109793374e-04 4.728055252028618790e-07
2.019785756819878484e-04 4.838297283034747307e-07
2.043197320195270594e-04 4.951109779122614075e-07
2.066880249629082160e-04 5.066552674654444940e-07
2.090837690555749911e-04 5.184687301452558358e-07
2.115072824868794756e-04 5.305576421383158517e-07
2.139588871343421563e-04 5.429284259699844475e-07
2.164389086064020347e-04 5.555876539164602380e-07
2.189476762856620634e-04 5.685420514964344790e-07
2.214855233726359179e-04 5.817985010441569364e-07
2.240527869300018224e-04 5.953640453658152801e-07
2.266498079273692845e-04 6.092458914811642157e-07
2.292769312865648647e-04 6.234514144523973143e-07
2.319345059274427543e-04 6.379881613022946340e-07
2.346228848142262321e-04 6.528638550237228440e-07
2.373424250023866149e-04 6.680863986826265046e-07
2.400934876860651764e-04 6.836638796166827188e-07
2.428764382460450548e-04 6.996045737318532050e-07
2.456916462982790305e-04 7.159169498991166504e-07
2.485394857429798422e-04 7.326096744537140739e-07
2.514203348142796828e-04 7.496916157993005962e-07
2.543345761304648361e-04 7.671718491194492121e-07
2.572825967447932359e-04 7.850596611990083838e-07
2.602647881969004482e-04 8.033645553578720237e-07
2.632815465648020189e-04 8.220962564997924330e-07
2.663332725174980963e-04 8.412647162789058323e-07
2.694203713681882413e-04 8.608801183867240835e-07
2.725432531281027707e-04 8.809528839623988211e-07
2.757023325609582747e-04 9.014936771291319780e-07
2.788980292380439777e-04 9.225134106596708493e-07
2.821307675939470740e-04 9.440232517739044035e-07
2.854009769829237591e-04 9.660346280716348286e-07
2.887090917359234400e-04 9.885592336036765463e-07
2.920555512182745244e-04 1.011609035084512326e-06
2.954407998880379709e-04 1.035196278249801560e-06
2.988652873550382482e-04 1.059333494362122380e-06
3.023294684405776131e-04 1.084033506868398624e-06
3.058338032378431388e-04 1.109309438212553016e-06
3.093787571730136510e-04 1.135174716807006962e-06
3.129648010670750265e-04 1.161643084166722165e-06
3.165924111983520412e-04 1.188728602209582992e-06
3.202620693657650080e-04 1.216445660726994346e-06
3.239742629528195514e-04 1.244808985028659583e-06
3.277294849923381931e-04 1.273833643765608039e-06
3.315282342319423150e-04 1.303535056935622426e-06
3.353710152002928996e-04 1.333929004075314591e-06
3.392583382740992125e-04 1.365031632643215253e-06
3.431907197459042598e-04 1.396859466598316384e-06
3.471686818926559680e-04 1.429429415178632794e-06
3.511927530450727588e-04 1.462758781884437157e-06
3.552634676578139260e-04 1.496865273670955061e-06
3.593813663804625697e-04 1.531767010355388837e-06
3.635469961293317630e-04 1.567482534243274624e-06
3.677609101601030626e-04 1.604030819979286240e-06
3.720236681413065759e-04 1.641431284627713512e-06
3.763358362286532656e-04 1.679703797987981872e-06
3.806979871402283821e-04 1.718868693150677429e-06
3.851107002325568655e-04 1.758946777299695681e-06
3.895745615775500948e-04 1.799959342766254195e-06
3.940901640403447737e-04 1.841928178340621632e-06
3.986581073580438726e-04 1.884875580847607958e-06
4.032789982193705223e-04 1.928824366991924436e-06
4.079534503452448896e-04 1.973797885479731837e-06
4.126820845702952015e-04 2.019820029422818349e-06
4.174655289253134888e-04 2.066915249031965971e-06
4.223044187206672164e-04 2.115108564606290114e-06
4.271993966306776428e-04 2.164425579825420177e-06
4.321511127789761839e-04 2.214892495351589560e-06
4.371602248248502198e-04 2.266536122748875997e-06
4.422273980505897289e-04 2.319383898726965616e-06
4.473533054498462949e-04 2.373463899717008554e-06
4.525386278170166862e-04 2.428804856787343571e-06
4.577840538376616304e-04 2.485436170906933929e-06
4.630902801799736631e-04 2.543387928564744726e-06
4.684580115873045137e-04 2.602690917753219031e-06
4.738879609717650920e-04 2.663376644324465466e-06
4.793808495089107069e-04 2.725477348727756718e-06
4.849374067335233355e-04 2.789026023137290019e-06
4.905583706365045484e-04 2.854056428979269866e-06
4.962444877628913436e-04 2.920603114867629937e-06
5.019965133110079530e-04 2.988701434957947870e-06
5.078152112327670659e-04 3.058387567729253566e-06
5.137013543351339135e-04 3.129698535203759023e-06
5.196557243827657369e-04 3.202672222614682583e-06
5.256791122018419265e-04 3.277347398532622086e-06
5.317723177850966487e-04 3.353763735461179614e-06
5.379361503980697925e-04 3.431961830912763712e-06
5.441714286865887004e-04 3.511983228975766010e-06
5.504789807854967333e-04 3.593870442384578947e-06
5.568596444286409188e-04 3.677666975104161032e-06
5.633142670601351629e-04 3.763417345441161404e-06
5.698437059469136636e-04 3.851167109693845857e-06
5.764488282925873171e-04 3.940962886353434966e-06
5.831305113526218760e-04 4.032852380869693211e-06
5.898896425508493501e-04 4.126884410993861261e-06
5.967271195973310833e-04 4.223108932712501310e-06
6.036438506075863814e-04 4.321577066785945646e-06
6.106407542232036075e-04 4.422341125905461271e-06
6.177187597338488134e-04 4.525454642483581822e-06
6.248788072006888211e-04 4.630972397092333297e-06
6.321218475812448011e-04 4.738950447564475667e-06
6.394488428556943443e-04 4.849446158773234821e-06
6.468607661546327617e-04 4.962518233106244923e-06
6.543586018883235361e-04 5.078226741650059937e-06
6.619433458774394430e-04 5.196633156101640493e-06
6.696160054853222054e-04 5.317800381423790639e-06
6.773775997517752102e-04 5.441792789261985734e-06
6.852291595284064167e-04 5.568676252140208916e-06
6.931717276155407569e-04 5.698518178454034466e-06
7.012063589007183975e-04 5.831387548279556362e-06
7.093341204987996815e-04 5.967354950017083898e-06
7.175560918936927952e-04 6.106492617889175913e-06
7.258733650817253023e-04 6.248874470312859599e-06
7.342870447166765678e-04 6.394576149166424534e-06
7.427982482564918871e-04 6.543675059971659418e-06
7.514081061116969704e-04 6.696250413012868297e-06
7.601177617955330547e-04 6.852383265414462107e-06
7.689283720758312941e-04 7.012156564199543971e-06
7.778411071286489781e-04 7.175655190352268346e-06
7.868571506936851423e-04 7.342966003907452933e-06
7.959777002314985571e-04 7.514177890091322049e-06
8.052039670825478267e-04 7.689381806537912386e-06
8.145371766280745229e-04 7.868670831606226887e-06
8.239785684528520143e-04 8.052140213823760323e-06
8.335293965098195066e-04 8.239887422482664771e-06
8.431909292866259040e-04 8.432012199415414398e-06
8.529644499741025759e-04 8.628616611977507438e-06
8.628512566366895297e-04 8.829805107265248934e-06
8.728526623848379762e-04 9.035684567597443862e-06
8.829699955494092365e-04 9.246364367290558684e-06
8.932045998580968784e-04 9.461956430757283796e-06
9.035578346138930074e-04 9.682575291959511824e-06
9.140310748756232161e-04 9.908338155247287126e-06
9.246257116405742597e-04 1.013936495761593918e-05
9.353431520292386373e-04 1.037577843241447984e-05
9.461848194722001460e-04 1.061770417453917470e-05
9.571521538991865398e-04 1.086527070714680660e-05
9.682466119303123836e-04 1.111860954992303929e-05
9.794696670695395360e-04 1.137785528894222882e-05
9.908228099003797609e-04 1.164314564815563040e-05
1.002307548283865382e-03 1.191462156254605790e-05
1.013925407558815411e-03 1.219242725298780189e-05
1.025677930744421868e-03 1.247671030285151694e-05
1.037566678745185890e-03 1.276762173639474914e-05
1.049593230558227598e-03 1.306531609897974928e-05
1.061759183483000071e-03 1.336995153916113147e-05
1.074066153333433447e-03 1.368168989268692168e-05
1.086515774652538433e-03 1.400069676845763642e-05
1.099109700929497193e-03 1.432714163648894496e-05
1.111849604819271095e-03 1.466119791792473243e-05
1.124737178364752007e-03 1.500304307714812452e-05
1.137774133221491381e-03 1.535285871603961886e-05
1.150962200885032299e-03 1.571083067043211478e-05
1.164303132920876775e-03 1.607714910881415498e-05
1.177798701197119331e-03 1.645200863333382888e-05
1.191450698119775895e-03 1.683560838315670938e-05
1.205260936870842505e-03 1.722815214023288164e-05
1.219231251649110712e-03 1.762984843752918342e-05
1.233363497913775872e-03 1.804091066978389256e-05
1.247659552630869806e-03 1.846155720684285577e-05
1.262121314522547276e-03 1.889201150963708975e-05
1.276750704319265777e-03 1.933250224886344049e-05
1.291549665014883998e-03 1.978326342643113391e-05
1.306520162124721234e-03 2.024453449973887678e-05
1.321664183946605082e-03 2.071656050884829195e-05
1.336983741824946661e-03 2.119959220662107776e-05
1.352480870417875451e-03 2.169388619188932142e-05
1.368157627967471913e-03 2.219970504572893434e-05
1.384016096573131502e-03 2.271731747090933244e-05
1.400058382468097589e-03 2.324699843459259905e-05
1.416286616299198848e-03 2.378902931435813298e-05
1.432702953409831009e-03 2.434369804763055649e-05
1.449309574126216591e-03 2.491129928458933184e-05
1.466108684046984459e-03 2.549213454464213335e-05
1.483102514336104337e-03 2.608651237654413738e-05
1.500293322019218348e-03 2.669474852224877699e-05
1.517683390283405343e-03 2.731716608457636543e-05
1.535275028780422714e-03 2.795409569878990990e-05
1.553070573933460147e-03 2.860587570816886657e-05
1.571072389247450424e-03 2.927285234367389533e-05
1.589282865622978049e-03 2.995537990779801728e-05
1.607704421673823627e-03 3.065382096270168879e-05
1.626339504048192157e-03 3.136854652273126769e-05
1.645190587753662514e-03 3.209993625142332528e-05
1.664260176485903671e-03 3.284837866309882315e-05
1.683550802961202323e-03 3.361427132915440971e-05
1.703065029252844422e-03 3.439802108915988990e-05
1.722805447131393972e-03 3.520004426687390714e-05
1.742774678408919205e-03 3.602076689129236973e-05
1.762975375287205784e-03 3.686062492284648525e-05
1.783410220710008025e-03 3.772006448487080348e-05
1.804081928719382779e-03 3.859954210046339664e-05
1.824993244816152391e-03 3.949952493486389674e-05
1.846146946324547485e-03 4.042049104347797661e-05
1.867545842761075955e-03 4.136292962567944938e-05
1.889192776207666326e-03 4.232734128452454958e-05
1.911090621689137941e-03 4.331423829251595387e-05
1.933242287555045260e-03 4.432414486355731160e-05
1.955650715865949168e-03 4.535759743124247732e-05
1.978318882784164089e-03 4.641514493362662559e-05
2.001249798969036847e-03 4.749734910463019623e-05
2.024446509976803900e-03 4.860478477222995197e-05
2.047912096665085481e-03 4.973804016359502855e-05
2.071649675602069141e-03 5.089771721732972690e-05
2.095662399480432980e-03 5.208443190298798142e-05
2.119953457536071038e-03 5.329881454802914829e-05
2.144526075971667656e-03 5.454151017238767127e-05
2.169383518385184159e-03 5.581317883083420381e-05
2.194529086203313769e-03 5.711449596330908651e-05
2.219966119119954652e-03 5.844615275341366676e-05
2.245697995539773940e-03 5.980885649524912798e-05
2.271728133026905232e-03 6.120333096879719895e-05
2.298059988758851136e-03 6.263031682404066427e-05
2.324697059985648094e-03 6.409057197402806842e-05
2.351642884494348565e-03 6.558487199708909292e-05
2.378901041078893431e-03 6.711401054841443158e-05
2.406475150015424062e-03 6.867879978121767520e-05
2.434368873543110365e-03 7.028007077770132471e-05
2.462585916350546866e-03 7.191867399005544216e-05
2.491130026067788373e-03 7.359547969172192073e-05
2.520004993764092018e-03 7.531137843916251907e-05
2.549214654451422910e-03 7.706728154437577076e-05
2.578762887593801043e-03 7.886412155841103781e-05
2.608653617622547997e-03 8.070285276613662327e-05
2.638890814457510187e-03 8.258445169252253109e-05
2.669478494034320699e-03 8.450991762070544076e-05
2.700420718837772543e-03 8.648027312210995580e-05
2.731721598441376204e-03 8.849656459890562008e-05
2.763385290053169997e-03 9.055986283908659521e-05
2.795415999067856535e-03 9.267126358446692346e-05
2.827817979625341181e-03 9.483188811189134778e-05
2.860595535175741895e-03 9.704288382796766440e-05
2.893753019050950264e-03 9.930542487763670701e-05
2.927294835042816134e-03 1.016207127668979592e-04
2.961225437988034351e-03 1.039899770000222355e-04
2.995549334359812969e-03 1.064144757315862332e-04
3.030271082866396216e-03 1.088954964336723345e-04
3.065395295056526793e-03 1.114343565785874755e-04
3.100926635931926852e-03 1.140324043374581908e-04
3.136869824566876613e-03 1.166910192950736477e-04
3.173229634734976452e-03 1.194116131813499870e-04
3.210010895543171858e-03 1.221956306198038720e-04
3.247218492073128838e-03 1.250445498934285799e-04
3.284857366030043482e-03 1.279598837283763382e-04
3.322932516398971556e-03 1.309431800958592968e-04
3.361449000108765288e-03 1.339960230326921772e-04
3.400411932703706255e-03 1.371200334809077859e-04
3.439826489022924580e-03 1.403168701468878420e-04
3.479697903887691603e-03 1.435882303804607968e-04
3.520031472796678832e-03 1.469358510744299265e-04
3.560832552629277729e-03 1.503615095850037572e-04
3.602106562357070083e-03 1.538670246736137880e-04
3.643858983763544404e-03 1.574542574706143416e-04
3.686095362172158059e-03 1.611251124613708634e-04
3.728821307182833642e-03 1.648815384952547576e-04
3.772042493416997554e-03 1.687255298180769382e-04
3.815764661271248397e-03 1.726591271284975092e-04
3.859993617679767074e-03 1.766844186589723760e-04
3.904735236885560103e-03 1.808035412817986763e-04
3.949995461220642823e-03 1.850186816408445000e-04
3.995780301895269192e-03 1.893320773095511585e-04
4.042095839796309639e-03 1.937460179758213367e-04
4.088948226294864159e-03 1.982628466544077899e-04
4.136343684063278035e-03 2.028849609274458409e-04
4.184288507901584922e-03 2.076148142137719879e-04
4.232789065573553354e-03 2.124549170676988483e-04
4.281851798652415615e-03 2.174078385079236046e-04
4.331483223376403000e-03 2.224762073772675280e-04
4.381689931514195016e-03 2.276627137339571933e-04
4.432478591240400501e-03 2.329701102751743414e-04
4.483855948021191196e-03 2.384012137936209190e-04
4.535828825510191016e-03 2.439589066678578820e-04
4.588404126454761513e-03 2.496461383872000976e-04
4.641588833612782412e-03 2.554659271119597615e-04
4.695390010680062544e-03 2.614213612698544891e-04
4.749814803228504315e-03 2.675156011894170584e-04
4.804870439655133628e-03 2.737518807712510465e-04
4.860564232142139222e-03 2.801335091980104806e-04
4.916903577628031589e-03 2.866638726839920628e-04
4.973895958790068052e-03 2.933464362652522697e-04
5.031548945038056761e-03 3.001847456311800607e-04
5.089870193519685330e-03 3.071824289984803765e-04
5.148867450137497269e-03 3.143431990285406328e-04
5.208548550577665401e-03 3.216708547891826073e-04
5.268921421350676766e-03 3.291692837618114984e-04
5.329994080844092930e-03 3.368424638950105244e-04
5.391774640387505396e-03 3.446944657056464538e-04
5.454271305329836186e-03 3.527294544285747703e-04
5.517492376129128420e-03 3.609516922160569698e-04
5.581446249454966556e-03 3.693655403880374572e-04
5.646141419303672866e-03 3.779754617344386735e-04
5.711586478126434545e-03 3.867860228706652341e-04
5.777790117970507157e-03 3.958018966475462374e-04
5.844761131633637551e-03 4.050278646169466388e-04
5.912508413831881436e-03 4.144688195543355051e-04
5.981040962380944001e-03 4.241297680396021092e-04
6.050367879391223974e-03 4.340158330974627039e-04
6.120498372476702517e-03 4.441322568988084556e-04
6.191441755977847815e-03 4.544844035243961427e-04
6.263207452198692356e-03 4.650777617922945487e-04
6.335804992658253774e-03 4.759179481505543979e-04
6.409244019356457114e-03 4.870107096365746150e-04
6.483534286054726779e-03 4.983619269046939571e-04
6.558685659571435525e-03 5.099776173235642286e-04
6.634708121092351002e-03 5.218639381448823226e-04
6.711611767496287149e-03 5.340271897451168235e-04
6.789406812696112230e-03 5.464738189418828513e-04
6.868103588995307790e-03 5.592104223866638203e-04
6.947712548460239883e-03 5.722437500356098491e-04
7.028244264308352446e-03 5.855807087001912384e-04
7.109709432312438099e-03 5.992283656795151410e-04
7.192118872221192789e-03 6.131939524761534453e-04
7.275483529196232965e-03 6.274848685973808543e-04
7.359814475265771296e-03 6.421086854437481600e-04
7.445122910795143496e-03 6.570731502869742603e-04
7.531420165974375344e-03 6.723861903391690912e-04
7.618717702322998914e-03 6.880559169154538534e-04
7.707027114212303652e-03 7.040906296920837297e-04
7.796360130405236531e-03 7.204988210622331486e-04
7.886728615614155974e-03 7.372891805916343333e-04
7.978144572076628638e-03 7.544705995763252527e-04
8.070620141149507584e-03 7.720521757047989772e-04
8.164167604921472240e-03 7.900432178269040139e-04
8.258799387844271284e-03 8.084532508318911662e-04
8.354528058382871408e-03 8.272920206380548298e-04
8.451366330684721012e-03 8.465694992964696531e-04
8.549327066268383804e-03 8.662958902113800878e-04
8.648423275731726215e-03 8.864816334798481662e-04
8.748668120479913615e-03 9.071374113533259937e-04
8.850074914473439122e-03 9.282741538238772298e-04
8.952657125996400095e-03 9.499030443378191036e-04
9.056428379445294677e-03 9.720355256396354419e-04
9.161402457138520528e-03 9.946833057490436000e-04
9.267593301146882789e-03 1.017858364074189156e-03
9.375015015145289968e-03 1.041572957663978874e-03
9.483681866285927423e-03 1.065839627602640279e-03
9.593608287093146128e-03 1.090671205549657678e-03
9.704808877380306092e-03 1.116080820428303182e-03
9.817298406188841586e-03 1.142081905266026506e-03
9.931091813749801447e-03 1.168688204190078449e-03
1.004620421346813161e-02 1.195913779581765082e-03
1.016265089392995140e-02 1.223773019392831139e-03
1.028044732093309765e-02 1.252280644627529237e-03
1.039960913954120388e-02 1.281451716994008077e-03
1.052015217616159015e-02 1.311301646728727172e-03
1.064209244064724669e-02 1.341846200597681315e-03
1.076544612842315896e-02 1.373101510078280013e-03
1.089022962263730583e-02 1.405084079725840750e-03
1.101645949633657008e-02 1.437810795728682468e-03
1.114415251466788215e-02 1.471298934655940324e-03
1.127332563710487130e-02 1.505566172402247058e-03
1.140399601970033122e-02 1.540630593333579398e-03
1.153618101736478448e-02 1.576510699638557743e-03
1.166989818617147553e-02 1.613225420889674491e-03
1.180516528568805595e-02 1.650794123818937007e-03
1.194200028133532432e-02 1.689236622312526807e-03
1.208042134677328981e-02 1.728573187629176477e-03
1.222044686631488727e-02 1.768824558847013591e-03
1.236209543736769070e-02 1.810011953543781303e-03
1.250538587290391315e-02 1.852157078715359860e-03
1.265033720395903824e-02 1.895282141937654858e-03
1.279696868215941634e-02 1.939409862777008052e-03
1.294529978227916024e-02 1.984563484454371102e-03
1.309535020482667685e-02 2.030766785768565487e-03
1.324713987866117486e-02 2.078044093284091634e-03
1.340068896363950761e-02 2.126420293789003067e-03
1.355601785329368925e-02 2.175920847028490340e-03
1.371314717753945554e-02 2.226571798719914532e-03
1.387209780541620932e-02 2.278399793855104011e-03
1.403289084785873213e-02 2.331432090295892760e-03
1.419554766050101606e-02 2.385696572668898063e-03
1.436008984651260603e-02 2.441221766565726623e-03
1.452653925946781159e-02 2.498036853054818110e-03
1.469491800624817164e-02 2.556171683511322072e-03
1.486524844997857107e-02 2.615656794771422777e-03
1.503755321299738400e-02 2.676523424617736468e-03
1.521185517986104775e-02 2.738803527602393355e-03
1.538817750038346324e-02 2.802529791214631357e-03
1.556654359271062056e-02 2.867735652399761980e-03
1.574697714643086624e-02 2.934455314436520534e-03
1.592950212572123020e-02 3.002723764179892653e-03
1.611414277253019750e-02 3.072576789676604095e-03
1.630092360979741237e-02 3.144050998160660693e-03
1.648986944471064753e-02 3.217183834436250760e-03
1.668100537200059227e-02 3.292013599655651407e-03
1.687435677727375585e-02 3.368579470499683069e-03
1.706994934038407949e-02 3.446921518768508545e-03
1.726780903884355886e-02 3.527080731390579323e-03
1.746796215127245644e-02 3.609099030857701104e-03
1.767043526088946798e-02 3.693019296094249455e-03
1.787525525904235316e-02 3.778885383768667942e-03
1.808244934877951612e-02 3.866742150055540311e-03
1.829204504846293836e-02 3.956635472856505700e-03
1.850407019542302245e-02 4.048612274488493611e-03
1.871855294965579092e-02 4.142720544847814344e-03
1.893552179756295348e-02 4.239009365058671840e-03
1.915500555573527997e-02 4.337528931614832370e-03
1.937703337477988952e-02 4.438330581023205990e-03
1.960163474319185847e-02 4.541466814958240727e-03
1.982883949127071249e-02 4.646991325935981819e-03
2.005867779508234069e-02 4.754959023516910216e-03
2.029118018046677935e-02 4.865426061046512415e-03
2.052637752709252084e-02 4.978449862942824211e-03
2.076430107255774690e-02 5.094089152540017505e-03
2.100498241653915230e-02 5.212403980497384674e-03
2.124845352498882720e-02 5.333455753782881566e-03
2.149474673437980557e-02 5.457307265240640866e-03
2.174389475600079988e-02 5.584022723751715794e-03
2.199593068030074663e-02 5.713667784997466734e-03
2.225088798128369363e-02 5.846309582834959169e-03
2.250880052095461867e-02 5.982016761293702280e-03
2.276970255381680075e-02 6.120859507203162478e-03
2.303362873142131284e-02 6.262909583460353480e-03
2.330061410696924670e-02 6.408240362946852203e-03
2.357069413996727703e-02 6.556926863104486566e-03
2.384390470093720321e-02 6.709045781179012388e-03
2.412028207618006903e-02 6.864675530140773065e-03
2.439986297259550199e-02 7.023896275291642739e-03
2.468268452255692469e-02 7.186789971567026335e-03
2.496878428884326609e-02 7.353440401541950881e-03
2.525820026962784584e-02 7.523933214149882732e-03
2.555097090352506997e-02 7.698355964122924333e-03
2.584713507469563881e-02 7.876798152161801347e-03
2.614673211801091940e-02 8.059351265843856665e-03
2.644980182427720053e-02 8.246108821277152445e-03
2.675638444552045150e-02 8.437166405508358946e-03
2.706652070033241375e-02 8.632621719692125384e-03
2.738025177927857698e-02 8.832574623029052982e-03
2.769761935036891068e-02 9.037127177479304524e-03
2.801866556459195468e-02 9.246383693258454495e-03
2.834343306151309444e-02 9.460450775121771044e-03
2.867196497493769772e-02 9.679437369442876402e-03
2.900430493863991738e-02 9.903454812092107873e-03
2.934049709215787172e-02 1.013261687711955288e-02
2.968058608665602449e-02 1.036703982624722666e-02
3.002461709085549324e-02 1.060684245917424724e-02
3.037263579703311511e-02 1.085214616469834352e-02
3.072468842709003348e-02 1.110307497265634880e-02
3.108082173869063797e-02 1.135975560668572859e-02
3.144108303147264555e-02 1.162231753780831184e-02
3.180552015332920035e-02 1.189089303883688990e-02
3.217418150676371741e-02 1.216561723960420116e-02
3.254711605531847990e-02 1.244662818301322041e-02
3.292437333007768724e-02 1.273406688190646674e-02
3.330600343624588733e-02 1.302807737675131319e-02
3.369205705980267418e-02 1.332880679413688853e-02
3.408258547423451829e-02 1.363640540607748142e-02
3.447764054734463873e-02 1.395102669011550819e-02
3.487727474814177747e-02 1.427282739021653798e-02
3.528154115380883332e-02 1.460196757844682038e-02
3.569049345675229939e-02 1.493861071742296973e-02
3.610418597173337130e-02 1.528292372352131959e-02
3.652267364308175307e-02 1.563507703083329842e-02
3.694601205199302130e-02 1.599524465585112215e-02
3.737425742391064371e-02 1.636360426286668363e-02
3.780746663599349189e-02 1.674033723006399313e-02
3.824569722466999305e-02 1.712562871628432043e-02
3.868900739327975347e-02 1.751966772844005746e-02
3.913745601980384015e-02 1.792264718955196429e-02
3.959110266468458816e-02 1.833476400738150505e-02
4.005000757873611317e-02 1.875621914362773229e-02
4.051423171114647281e-02 1.918721768365528463e-02
4.098383671757261509e-02 1.962796890671762717e-02
4.145888496832911274e-02 2.007868635663618076e-02
4.193943955667186335e-02 2.053958791289356781e-02
4.242556430717776828e-02 2.101089586209540019e-02
4.291732378422157684e-02 2.149283696975158586e-02
4.341478330055092288e-02 2.198564255232505690e-02
4.391800892596085804e-02 2.248954854949152676e-02
4.442706749606882555e-02 2.300479559654995676e-02
4.494202662119142072e-02 2.353162909691935978e-02
4.546295469532399269e-02 2.407029929465339183e-02
4.598992090522438514e-02 2.462106134689888079e-02
4.652299523960189143e-02 2.518417539622028190e-02
4.706224849841281199e-02 2.575990664270691108e-02
4.760775230226368254e-02 2.634852541577380192e-02
4.815957910192350533e-02 2.695030724556246246e-02
4.871780218794630885e-02 2.756553293384124415e-02
4.928249570040513228e-02 2.819448862429899463e-02
4.985373463873893352e-02 2.883746587211980655e-02
5.043159487171358646e-02 2.949476171271931194e-02
5.101615314749833457e-02 3.016667872951619978e-02
5.160748710385907462e-02 3.085352512060549404e-02
5.220567527846975420e-02 3.155561476419223993e-02
5.281079711934331261e-02 3.227326728263644334e-02
5.342293299538352497e-02 3.300680810495137257e-02
5.404216420705915125e-02 3.375656852758901483e-02
5.466857299720180585e-02 3.452288577333723074e-02
5.530224256192900478e-02 3.530610304814351535e-02
5.594325706169377826e-02 3.610656959567033059e-02
5.659170163246242391e-02 3.692464074937696489e-02
5.724766239702178822e-02 3.776067798191161395e-02
5.791122647641758214e-02 3.861504895158651002e-02
5.858248200152536139e-02 3.948812754569686750e-02
5.926151812475552449e-02 4.038029392043275545e-02
5.994842503189409116e-02 4.129193453711945544e-02
6.064329395408061402e-02 4.222344219450974850e-02
6.134621717992506246e-02 4.317521605683676683e-02
6.205728806776500406e-02 4.414766167732248753e-02
6.277660105806499857e-02 4.514119101682190910e-02
6.350425168595962011e-02 4.615622245726733880e-02
6.424033659394190465e-02 4.719318080956148853e-02
6.498495354469888130e-02 4.825249731555131955e-02
6.573820143409585259e-02 4.933460964369743712e-02
6.650018030431117944e-02 5.043996187803555242e-02
6.727099135712336087e-02 5.156900450000937580e-02
6.805073696735206012e-02 5.272219436273252458e-02
6.883952069645496441e-02 5.389999465722062483e-02
6.963744730628222690e-02 5.510287487011080593e-02
7.044462277299036457e-02 5.633131073236711389e-02
7.126115430111745752e-02 5.758578415844768650e-02
7.208715033782135684e-02 5.886678317538502486e-02
7.292272058728312134e-02 6.017480184121128117e-02
7.376797602527730702e-02 6.151034015213197037e-02
7.462302891391107973e-02 6.287390393782961440e-02
7.548799281653431614e-02 6.426600474425189780e-02
7.636298261282241373e-02 6.568715970321321873e-02
7.724811451403400253e-02 6.713789138811032675e-02
7.814350607844541829e-02 6.861872765502573246e-02
7.904927622696419909e-02 7.013020146846443703e-02
7.996554525892346499e-02 7.167285071093790205e-02
8.089243486805938743e-02 7.324721797558234049e-02
8.183006815867389927e-02 7.485385034096374290e-02
8.277856966198472721e-02 7.649329912719429747e-02
8.373806535266489770e-02 7.816611963244990413e-02
8.470868266557401993e-02 7.987287084894634237e-02
8.569055051268346934e-02 8.161411515739860900e-02
8.668379930019773361e-02 8.339041799895306750e-02
8.768856094587426653e-02 8.520234752354829966e-02
8.870496889654402861e-02 8.705047421362316351e-02
8.973315814583519845e-02 8.893537048205807372e-02
9.077326525210223374e-02 9.085761024319613521e-02
9.182542835656282154e-02 9.281776845575620549e-02
9.288978720164497993e-02 9.481642063641297635e-02
9.396648314954690606e-02 9.685414234278108547e-02
9.505565920101191613e-02 9.893150862450456051e-02
9.615746001432096124e-02 1.010490934411148595e-01
9.727203192450536995e-02 1.032074690452837451e-01
9.839952296278225985e-02 1.054072053300613987e-01
9.954008287621518569e-02 1.076488691386519730e-01
1.006938631476027024e-01 1.099330235352446866e-01
1.018610170155975214e-01 1.122602270353822013e-01
1.030416994950587445e-01 1.146310327943128871e-01
1.042360673976401170e-01 1.170459877517424085e-01
1.054442793526168404e-01 1.195056317313646088e-01
1.066664958279538722e-01 1.220104964935242592e-01
1.079028791516183639e-01 1.245611047393311577e-01
1.091535935331391094e-01 1.271579690645223415e-01
1.104188050854160164e-01 1.298015908613405767e-01
1.116986818467822634e-01 1.324924591666761797e-01
1.129933938033221702e-01 1.352310494547001585e-01
1.143031129114478600e-01 1.380178223721989783e-01
1.156280131207375328e-01 1.408532224148098810e-01
1.169682703970384707e-01 1.437376765423460934e-01
1.183240627458378019e-01 1.466715927313950729e-01
1.196955702359042834e-01 1.496553584633791012e-01
1.210829750232039481e-01 1.526893391462645355e-01
1.224864613750930725e-01 1.557738764681265708e-01
1.239062156947915577e-01 1.589092866807896298e-01
1.253424265461399456e-01 1.620958588117878407e-01
1.267952846786433996e-01 1.653338528029275889e-01
1.282649830528059809e-01 1.686234975737709862e-01
1.297517168657586761e-01 1.719649890084126720e-01
1.312556835771842845e-01 1.753584878639780908e-01
1.327770829355429116e-01 1.788041175993488607e-01
1.343161170046015263e-01 1.823019621226963094e-01
1.358729901902709092e-01 1.858520634565029861e-01
1.374479092677536596e-01 1.894544193188575920e-01
1.390410834090069769e-01 1.931089806199332570e-01
1.406527242105236331e-01 1.968156488726914843e-01
1.422830457214351862e-01 2.005742735170151503e-01
1.439322644719406574e-01 2.043846491566357337e-01
1.456005995020648591e-01 2.082465127084179302e-01
1.472882723907501801e-01 2.121595404637686699e-01
1.489955072852853779e-01 2.161233450621687091e-01
1.507225309310755434e-01 2.201374723770810060e-01
1.524695727017572888e-01 2.242013983147617129e-01
1.542368646296627399e-01 2.283145255268032026e-01
1.560246414366368017e-01 2.324761800375679255e-01
1.578331405652116382e-01 2.366856077880243880e-01
1.596626022101425013e-01 2.409419710978846219e-01
1.615132693503091299e-01 2.452443450483576814e-01
1.633853877809862132e-01 2.495917137882779913e-01
1.652792061464895546e-01 2.539829667668643265e-01
1.671949759731990170e-01 2.584168948968622592e-01
1.691329517029648843e-01 2.628921866523946660e-01
1.710933907269015231e-01 2.674074241064377522e-01
1.730765534195725930e-01 2.719610789134634388e-01
1.750827031735725237e-01 2.765515082434796823e-01
1.771121064345088647e-01 2.811769506744090097e-01
1.791650327363901452e-01 2.858355220505168215e-01
1.812417547374237659e-01 2.905252113154067617e-01
1.833425482562290598e-01 2.952438763289616519e-01
1.854676923084699336e-01 2.999892396785112103e-01
1.876174691439121411e-01 3.047588844954667864e-01
1.897921642839101308e-01 3.095502502896658736e-01
1.919920665593284892e-01 3.143606288147267058e-01
1.942174681489026444e-01 3.191871599788220215e-01
1.964686646180446583e-01 3.240268278164392113e-01
1.987459549580983809e-01 3.288764565379039828e-01
2.010496416260499075e-01 3.337327066747082238e-01
2.033800305846981960e-01 3.385920713399922510e-01
2.057374313432913659e-01 3.434508726248932664e-01
2.081221569986339281e-01 3.483052581528781055e-01
2.105345242766706038e-01 3.531511978156346987e-01
2.129748535745520921e-01 3.579844807155865838e-01
2.154434690031884481e-01 3.628007123416333024e-01
2.179406984302955930e-01 3.675953120062864787e-01
2.204668735239409816e-01 3.723635105739738216e-01
2.230223297965938656e-01 3.771003485119007181e-01
2.256074066496861485e-01 3.818006742965119327e-01
2.282224474186898555e-01 3.864591432102412738e-01
2.308677994187169624e-01 3.910702165648955453e-01
2.335438139906479416e-01 3.956281613896708294e-01
2.362508465477947683e-01 4.001270506234305135e-01
2.389892566231050230e-01 4.045607638524721938e-01
2.417594079169130827e-01 4.089229886365802202e-01
2.445616683452446483e-01 4.132072224676527350e-01
2.473964100886814066e-01 4.174067754066309588e-01
2.502640096417919069e-01 4.215147734457910245e-01
2.531648478631355337e-01 4.255241626446880088e-01
2.560993100258459609e-01 4.294277140891410993e-01
2.590677858688008595e-01 4.332180297235875832e-01
2.620706696483852682e-01 4.368875491078996753e-01
2.651083601908538756e-01 4.404285571503114838e-01
2.681812609453015361e-01 4.438331928684349226e-01
2.712897800372467416e-01 4.470934592303913990e-01
2.744343303228365394e-01 4.502012341278575080e-01
2.776153294436801144e-01 4.531482825322474817e-01
2.808331998823172526e-01 4.559262698843185024e-01
2.840883690183304000e-01 4.585267767661407867e-01
2.873812691851066470e-01 4.609413149025855527e-01
2.907123377272578524e-01 4.631613445372023130e-01
2.940820170587063465e-01 4.651782932245491220e-01
2.974907547214440395e-01 4.669835760776555600e-01
3.009390034449720974e-01 4.685686175052847235e-01
3.044272212064302874e-01 4.699248744689938362e-01
3.079558712914226559e-01 4.710438612845928019e-01
3.115254223555488089e-01 4.719171759864568272e-01
3.151363484866479547e-01 4.725365282661795341e-01
3.187891292677645927e-01 4.728937689892391827e-01
3.224842498408442282e-01 4.729809212846400879e-01
3.262222009711669979e-01 4.727902131928282126e-01
3.300034791125285305e-01 4.723141118465477573e-01
3.338285864731760921e-01 4.715453591476598816e-01
3.376980310825091203e-01 4.704770088902445746e-01
3.416123268585528616e-01 4.691024652665453099e-01
3.455719936762139399e-01 4.674155226774753258e-01
3.495775574363275129e-01 4.654104067534525213e-01
3.536295501355042892e-01 4.630818164743052967e-01
3.577285099367873422e-01 4.604249672588744957e-01
3.618749812411280464e-01 4.574356348757709356e-01
3.660695147596902399e-01 4.541102000065698752e-01
3.703126675869927165e-01 4.504456932715836803e-01
3.746050032748993175e-01 4.464398405063422226e-01
3.789470919074667821e-01 4.420911080540977922e-01
3.833395101766601254e-01 4.373987478162082443e-01
3.877828414589457595e-01 4.323628417782419131e-01
3.922776758927719598e-01 4.269843457052950875e-01
3.968246104569481680e-01 4.212651316754846276e-01
4.014242490499321803e-01 4.152080290961161491e-01
4.060772025700365440e-01 4.088168638228899532e-01
4.107840889965646558e-01 4.020964949789674892e-01
4.155455334718875515e-01 3.950528490481341470e-01
4.203621683844713797e-01 3.876929507949898879e-01
4.252346334528682159e-01 3.800249505455013943e-01
4.301635758106794882e-01 3.720581473437811759e-01
4.351496500925050026e-01 3.638030074860919560e-01
4.401935185208874501e-01 3.552711779213237886e-01
4.452958509942655518e-01 3.464754939990887239e-01
4.504573251759458330e-01 3.374299810427162094e-01
4.556786265841064054e-01 3.281498492253838717e-01
4.609604486828433600e-01 3.186514812340492941e-01
4.663034929742731483e-01 3.089524122183691657e-01
4.717084690917017209e-01 2.990713015410937925e-01
4.771760948938745805e-01 2.890278958731203884e-01
4.827070965603182939e-01 2.788429832112162554e-01
4.883022086877880086e-01 2.685383374399145651e-01
4.939621743878320759e-01 2.581366531119424490e-01
4.996877453854883799e-01 2.476614701842712873e-01
5.054796821191240852e-01 2.371370885199919065e-01
5.113387538414325695e-01 2.265884720501500915e-01
5.172657387216018643e-01 2.160411425847059419e-01
5.232614239486661489e-01 2.055210633681507360e-01
5.293266058360561743e-01 1.950545125930066570e-01
5.354620899273607737e-01 1.846679472133788691e-01
5.416686911033151697e-01 1.743878575405437281e-01
5.479472336900287344e-01 1.642406132527182427e-01
5.542985515684668574e-01 1.542523016108308664e-01
5.607234882852032420e-01 1.444485588401958898e-01
5.672228971644543982e-01 1.348543958131052933e-01
5.737976414214134291e-01 1.254940193476905830e-01
5.804485942768977669e-01 1.163906506219180848e-01
5.871766390733255125e-01 1.075663423857349671e-01
5.939826693920355893e-01 9.904179683631050835e-02
6.008675891719686968e-01 9.083618619771750835e-02
6.078323128297229427e-01 8.296697821357905400e-02
6.148777653810023613e-01 7.544976891504899530e-02
6.220048825634711953e-01 6.829812516252840859e-02
6.292146109610343707e-01 6.152343957287691872e-02
6.365079081295571539e-01 5.513480052942513338e-02
6.438857427240419762e-01 4.913888002439118635e-02
6.513490946272803006e-01 4.353984209677082967e-02
6.588989550799949635e-01 3.833927459772422386e-02
6.665363268124913088e-01 3.353614693425886750e-02
6.742622241778342129e-01 2.912679630513034107e-02
6.820776732865685421e-01 2.510494474517430824e-02
6.899837121430018039e-01 2.146174903106555509e-02
6.979813907830659803e-01 1.818588516882038708e-02
7.060717714137773049e-01 1.526366877814254279e-02
7.142559285543126357e-01 1.267921220908084165e-02
7.225349491787214085e-01 1.041461867193022896e-02
7.309099328602910450e-01 8.450213033057984990e-03
7.393819919175865785e-01 6.764808230503510135e-03
7.479522515621821466e-01 5.336005499131741582e-03
7.566218500481054487e-01 4.140525773608423783e-03
7.653919388230148169e-01 3.154568769014739864e-03
7.742636826811269968e-01 2.354195336911674239e-03
7.832382599179196214e-01 1.715727775531562371e-03
7.923168624866253618e-01 1.216161856081773070e-03
8.015006961565405152e-01 8.335834355924094099e-04
8.107909806731686819e-01 5.475816860895654781e-04
8.201889499202202893e-01 3.396502087414637731e-04
8.296958520834906148e-01 1.935666511450836221e-04
8.393129498166364000e-01 9.574093927805941225e-05
8.490415204088747059e-01 3.552190741383286975e-05
8.588828559546249908e-01 5.451994643576591215e-06
8.688382635251183927e-01 1.459810291038579324e-06
8.789090653419954213e-01 2.298078554215176683e-05
8.890965989529158175e-01 7.299685512368108374e-05
8.994022174092044519e-01 1.579871763667037971e-04
9.098272894455557980e-01 2.877833127097514368e-04
9.203731996618220723e-01 4.753240957442363287e-04
9.310413487069075789e-01 7.363075353672531975e-04
9.418331534647951253e-01 1.088739660622310571e-03
9.527500472427290479e-01 1.552383019707519966e-03
9.637934799615786030e-01 2.148110706227840047e-03
9.749649183484085935e-01 2.897175152917719817e-03
9.862658461312820979e-01 3.820404468590358257e-03
9.976977642363201726e-01 4.937342695238431875e-03
1.009262190987048502e+00 6.265353917816708466e-03
1.020960662306047650e+00 7.818713539541114615e-03
1.032794731918952547e+00 9.607713095143953844e-03
1.044765971560805307e+00 1.163780755530969928e-02
1.056875971184805030e+00 1.390883601083407750e-02
1.069126339173477103e+00 1.641434774509744135e-02
1.081518702552289213e+00 1.914106584205781808e-02
1.094054707205743604e+00 2.206851947959547963e-02
1.106736018095974439e+00 2.516887379093716084e-02
1.119564319483879355e+00 2.840698253726129871e-02
1.132541315152812755e+00 3.174068376141127995e-02
1.145668728634872569e+00 3.512135207769559453e-02
1.158948303439811811e+00 3.849471335133304584e-02
1.172381803286599800e+00 4.180191836176406356e-02
1.185971012337670549e+00 4.498086183653059178e-02
1.199717735435885446e+00 4.796772228289036127e-02
1.213623798344241722e+00 5.069868671693313761e-02
1.227691047988360484e+00 5.311181316380127887e-02
1.241921352701784720e+00 5.514897322302754479e-02
1.256316602474121469e+00 5.675780766649048820e-02
1.270878709202059476e+00 5.789362060852833169e-02
1.285609606943296512e+00 5.852113291332454448e-02
1.300511252173409904e+00 5.861601381152072715e-02
1.315585624045705115e+00 5.816611174346517782e-02
1.330834724654076151e+00 5.717231166919261448e-02
1.346260579298911075e+00 5.564895675384196050e-02
1.361865236756082842e+00 5.362378749928402299e-02
1.377650769549054965e+00 5.113737082726440425e-02
1.393619274224143556e+00 4.824201479786756341e-02
1.409772871628967694e+00 4.500019070811141220e-02
1.426113707194129887e+00 4.148251205805725955e-02
1.442643951218158804e+00 3.776534777342720195e-02
1.459365799155757593e+00 3.392817333713223776e-02
1.476281471909391074e+00 3.005078611495098570e-02
1.493393216124253353e+00 2.621052808902439926e-02
1.510703304486655574e+00 2.247966842828767395e-02
1.528214036025870914e+00 1.892309805929106095e-02
1.545927736419478560e+00 1.559647732133384070e-02
1.563846758302247730e+00 1.254495520091814323e-02
1.581973481578601515e+00 9.802544675137475280e-03
1.600310313738701806e+00 7.392194472474526018e-03
1.618859690178199306e+00 5.326545294546951304e-03
1.637624074521689010e+00 3.609301559233780900e-03
1.656605958949915136e+00 2.237092381536841170e-03
1.675807864530768798e+00 1.201642986953578053e-03
1.695232341554121502e+00 4.920357238374418497e-04
1.714881969870540868e+00 9.681399368004331473e-05
1.734759359233932541e+00 5.677871130251593749e-06
1.754867149648152047e+00 2.105408286922101765e-04
1.775208011717636092e+00 7.057647910503130366e-04
1.795784647002096834e+00 1.487465154547020678e-03
1.816599788375328650e+00 2.551874822852826658e-03
1.837656200388172456e+00 3.892869859574702839e-03
1.858956679635688225e+00 5.498878985422317976e-03
1.880504055128583429e+00 7.349512108519505767e-03
1.902301188668945819e+00 9.412334897713063239e-03
1.924350975230332272e+00 1.164027229031671697e-02
1.946656343342263229e+00 1.397013042549918524e-02
1.969220255479173565e+00 1.632267394881375955e-02
1.992045708453871189e+00 1.860457959698607125e-02
2.015135733815558439e+00 2.071241039663649849e-02
2.038493398252464228e+00 2.253852913965128865e-02
2.062121803999144465e+00 2.397861525512336514e-02
2.086024089248504687e+00 2.494019389254593932e-02
2.110203428568596440e+00 2.535136371218014301e-02
2.134663033324245340e+00 2.516875633336716073e-02
2.159406152103567678e+00 2.438370870078205091e-02
2.184436071149428393e+00 2.302570473332590101e-02
2.209756114795903059e+00 2.116235589088492214e-02
2.235369645909796699e+00 1.889553497802963153e-02
2.261280066337279404e+00 1.635372601503570777e-02
2.287490817355704031e+00 1.368115696050440158e-02
2.314005380130653933e+00 1.102477572584849817e-02
2.340827276178294447e+00 8.520537274028237504e-03
2.367960067833078774e+00 6.280714756465315476e-03
2.395407358720879287e+00 4.383967484581503295e-03
2.423172794237600680e+00 2.869655857410454303e-03
2.451260062033339793e+00 1.737388349533101764e-03
2.479672892502160053e+00 9.520630607183977120e-04
2.508415059277541381e+00 4.538161164553177807e-04
2.537490379733571721e+00 1.714390066281818456e-04
2.566902715491951703e+00 3.712578272735997213e-05
2.596655972934872381e+00 5.597471497232540050e-09
2.626754103723838440e+00 3.592246394882727892e-05
2.657201105324506596e+00 1.513996681645593035e-04
2.688001021537607560e+00 3.806472432256745894e-04
2.719157943036019098e+00 7.757219841050427313e-04
2.750676007908067433e+00 1.391330008938872513e-03
2.782559402207125832e+00 2.267011447039995065e-03
2.814812360507581435e+00 3.410289053387151412e-03
2.847439166467247595e+00 4.784561590382430986e-03
2.880444153396297668e+00 6.304943034106176569e-03
2.913831704832788638e+00 7.843904178382109932e-03
2.947606255124858521e+00 9.246653382702283569e-03
2.981772290019673477e+00 1.035405190703957840e-02
3.016334347259197468e+00 1.102896165004134052e-02
3.051297017182871052e+00 1.118075269012679812e-02
3.086664943337274369e+00 1.078263825399342762e-02
3.122442823092857811e+00 9.877720000226991592e-03
3.158635408267818967e+00 8.571975411878346440e-03
3.195247505759213791e+00 7.015432970136686527e-03
3.232283978181380579e+00 5.375731165380781898e-03
3.269749744511767808e+00 3.810316144591452750e-03
3.307649780744242651e+00 2.444000334598694230e-03
3.345989120549974771e+00 1.357151848648774535e-03
3.384772855945982872e+00 5.866336537537954893e-04
3.424006137971425723e+00 1.375741768104624650e-04
3.463694177371734462e+00 3.749432631166107865e-07
3.503842245290675894e+00 1.653828596682807312e-04
3.544455673970435594e+00 6.283359399645045001e-04
3.585539857459817181e+00 1.383176922908617868e-03
3.627100252330648367e+00 2.404212813064177372e-03
3.669142378402494131e+00 3.625041825557343261e-03
3.711671819475766743e+00 4.924931292209349179e-03
3.754694224073336972e+00 6.132597197065386627e-03
3.798215306190736218e+00 7.052085327895320742e-03
3.842240846055060999e+00 7.506981380751987475e-03
3.886776690892667752e+00 7.390461569585490831e-03
3.931828755705770284e+00 6.703476875139682822e-03
3.977403024058036696e+00 5.564646854954754043e-03
4.023505548869293236e+00 4.183958589912245563e-03
4.070142453219438572e+00 2.805742327310499409e-03
4.117319931161679492e+00 1.639552262185070162e-03
4.165044248545185290e+00 8.045591856682245482e-04
4.213321743847289191e+00 3.096743754798975709e-04
4.262158829015325168e+00 7.784008589725007409e-05
4.311561990318228510e+00 3.705693735059674934e-06
4.361537789208005833e+00 1.772005749777201235e-05
4.412092863191189984e+00 1.248618704103522019e-04
4.463233926710397093e+00 3.967490443252189567e-04
4.514967772036102112e+00 9.184031520188899169e-04
4.567301270168746541e+00 1.715365317732767559e-03
4.620241371751313331e+00 2.700445919961129947e-03
4.673795107992464004e+00 3.673331286014652232e-03
4.727969591600390764e+00 4.381260572427993563e-03
4.782772017727485725e+00 4.616497669583137856e-03
4.838209664925956943e+00 4.303841347702073820e-03
4.894289896114531579e+00 3.533128375943313769e-03
4.951020159556350997e+00 2.519301229970936657e-03
5.008407989848212338e+00 1.512161015008261708e-03
5.066461008921268494e+00 7.060113852168251134e-04
5.125186927053333008e+00 1.970441445807435423e-04
5.184593543892913381e+00 2.688770845790824691e-06
5.244688749495119318e+00 1.133237414917879723e-04
5.305480525369573819e+00 5.241869012118979126e-04
5.366976945540476329e+00 1.213846034878005194e-03
5.429186177618943177e+00 2.085433942111646760e-03
5.492116483887789613e+00 2.930473627365687023e-03
5.555776222398877806e+00 3.472673293937591620e-03
5.620173848083187984e+00 3.492247936007848892e-03
5.685317913873753071e+00 2.958191852228550956e-03
5.751217071841614015e+00 2.068186478911320826e-03
5.817880074344935259e+00 1.148808374055829140e-03
5.885315775191449994e+00 4.728849751684179883e-04
5.953533130814370189e+00 1.240516130033938362e-04
6.022541201461927507e+00 1.040819583310414033e-05
6.092349152400711176e+00 9.226572337023715884e-06
6.162966255132942273e+00 1.092786159269287967e-04
6.234401888627863819e+00 4.141875209687338071e-04
6.306665540567405692e+00 9.962844219165393079e-04
6.379766808606282424e+00 1.739815603357860443e-03
6.453715401646701544e+00 2.340632442668352537e-03
6.528521141127847649e+00 2.493295570509132530e-03
6.604193962330305645e+00 2.113967932587839868e-03
6.680743915695614987e+00 1.400069500243187682e-03
6.758181168161110364e+00 6.769013037510673110e-04
6.836516004510238886e+00 1.847463761360317546e-04
6.915758828738525210e+00 1.396309442542316896e-06
6.995920165435374649e+00 1.236051848099781593e-04
7.077010661181889262e+00 5.434022482463327910e-04
7.159041085964887863e+00 1.186864029473007950e-03
7.242022334607315592e+00 1.809046226494757329e-03
7.325965428215230446e+00 2.061791899207972723e-03
7.410881515641570161e+00 1.762249845930553708e-03
7.496781874966877091e+00 1.090130511047984014e-03
7.583677914997190683e+00 4.477585439905598782e-04
7.671581176779302069e+00 9.971430281529357971e-05
7.760503335133570602e+00 3.936520791310869620e-06
7.850456200204509294e+00 1.950449533675497254e-05
7.941451719029339884e+00 1.749052490477291015e-04
8.033501977124734239e+00 5.942930969635751596e-04
8.126619200091946382e+00 1.180815667871809929e-03
8.220815755240540312e+00 1.554696491736114227e-03
8.316104153230961415e+00 1.416623704934740890e-03
8.412497049736117560e+00 8.796669874355715450e-04
8.510007247122246099e+00 3.279585353250212836e-04
8.608647696149244410e+00 3.206828716553088214e-05
8.708431497690723333e+00 4.439422820204874475e-05
8.809371904473991322e+00 3.570938791514180108e-04
8.911482322840202031e+00 8.845729702440568911e-04
9.014776314524917566e+00 1.302062406202187219e-03
9.119267598459298796e+00 1.236637681372197879e-03
9.224970052592174952e+00 7.310120824797789341e-04
9.331897715733239451e+00 2.328515871704028861e-04
9.440064789417602853e+00 2.532038154283913016e-05
9.549485639791965852e+00 2.834565711990814417e-06
9.660174799522645017e+00 9.553743342756317156e-05
9.772146969725724830e+00 4.363242703177743821e-04
9.885417021919574054e+00 9.109804731500690742e-04
1.000000000000000000e+01 1.063975218660680915e-03
