1.000000000000000000e-05 1.467237026950385076e-39
1.000000000000000048e-04 1.467237026950385076e-31
1.011591112223829728e-04 1.517376924565823465e-31
1.023316578330244966e-04 2.104609828442664786e-31
1.035177955630176228e-04 2.282766198407349060e-31
1.047176819485520245e-04 1.989033116032724976e-31
1.059314763518370031e-04 2.412744280163407218e-31
1.071593399822671198e-04 2.733801265093333470e-31
1.084014359178331018e-04 2.665319853439121370e-31
1.096579291267809898e-04 3.438245838213588001e-31
1.109289864895222780e-04 3.316469288836311084e-31
1.122147768207980290e-04 3.769308097413150575e-31
1.135154708920999033e-04 4.204714320064723131e-31
1.148312414543511137e-04 4.636049867881389810e-31
1.161622632608501891e-04 5.062932198094177572e-31
1.175087130904807617e-04 5.636319809656677194e-31
1.188707697711903309e-04 6.099790117370970423e-31
1.202486142037412301e-04 6.409923298145214349e-31
1.216424293857368039e-04 7.073736249142490117e-31
1.230524004359261579e-04 7.951325342477175508e-31
1.244787146187906256e-04 8.679257948359353235e-31
1.259215613694150942e-04 9.462074681845621358e-31
1.273811323186478520e-04 1.077772775388157475e-30
1.288576213185518003e-04 1.119333972367039303e-30
1.303512244681508938e-04 1.231403575982424309e-30
1.318621401394748458e-04 1.364792288792102421e-30
1.333905690039058638e-04 1.453284786370227842e-30
1.349367140588306430e-04 1.643862572695279211e-30
1.365007806546013845e-04 1.798401770123387245e-30
1.380829765218092263e-04 2.060515363052248200e-30
1.396835117988739626e-04 2.151381206502660913e-30
1.413025990599533599e-04 2.387839850569268858e-30
1.429404533431761061e-04 2.525559156447463401e-30
1.445972921792019463e-04 2.869347089220751790e-30
1.462733356201129868e-04 3.209231620904070957e-30
1.479688062686396383e-04 3.435294016943626800e-30
1.496839293077255632e-04 3.850831788336070575e-30
1.514189325304352018e-04 4.060149987407238349e-30
1.531740463702079740e-04 4.445083309173147723e-30
1.549495039314631646e-04 4.943229393715547424e-30
1.567455410205595065e-04 5.410616272562193066e-30
1.585623961771137158e-04 5.954086079652404931e-30
1.604003107056819902e-04 6.420279437354702895e-30
1.622595287078087002e-04 7.109380199453594772e-30
1.641402971144466361e-04 7.743365814526426567e-30
1.660428657187529582e-04 8.808183678799794267e-30
1.679674872092653225e-04 9.439388976307586897e-30
1.699144172034625999e-04 1.033528606067383620e-29
1.718839142817145534e-04 1.148877204125866042e-29
1.738762400216250527e-04 1.252866966163526426e-29
1.758916590327732731e-04 1.376375577887075862e-29
1.779304389918577296e-04 1.488556625440816016e-29
1.799928506782476454e-04 1.662624160271855353e-29
1.820791680099462359e-04 1.806399630889181309e-29
1.841896680799710861e-04 1.982798137659810532e-29
1.863246311931559835e-04 2.145701464940794628e-29
1.884843409033795474e-04 2.364699855683734517e-29
1.906690840512252085e-04 2.593887520338374647e-29
1.928791508020777693e-04 2.863782047678729591e-29
1.951148346846616412e-04 3.172826377355426453e-29
1.973764326300255292e-04 3.458410522416292770e-29
1.996642450109793374e-04 3.813172434541578675e-29
2.019785756819878484e-04 4.122856189178723251e-29
2.043197320195270594e-04 4.539601280254840882e-29
2.066880249629082160e-04 4.999883148499496111e-29
2.090837690555749911e-04 5.490097115527302946e-29
2.115072824868794756e-04 6.008707935704018823e-29
2.139588871343421563e-04 6.544382619010234437e-29
2.164389086064020347e-04 7.238132172482771738e-29
2.189476762856620634e-04 7.926584503773145878e-29
2.214855233726359179e-04 8.683992732165967394e-29
2.240527869300018224e-04 9.438599984457506397e-29
2.266498079273692845e-04 1.039489214880997403e-28
2.292769312865648647e-04 1.143640419066837675e-28
2.319345059274427543e-04 1.247386413187976818e-28
2.346228848142262321e-04 1.377547545937084492e-28
2.373424250023866149e-04 1.504253761964986967e-28
2.400934876860651764e-04 1.653889878386654878e-28
2.428764382460450548e-04 1.807200956429579280e-28
2.456916462982790305e-04 1.985095797781745600e-28
2.485394857429798422e-04 2.175155185336526454e-28
2.514203348142796828e-04 2.392325433614710222e-28
2.543345761304648361e-04 2.625233403421196759e-28
2.572825967447932359e-04 2.881130216500498202e-28
2.602647881969004482e-04 3.155253001552078885e-28
2.632815465648020189e-04 3.458994499252291196e-28
2.663332725174980963e-04 3.792070442606880265e-28
2.694203713681882413e-04 4.157478452514621916e-28
2.725432531281027707e-04 4.550698336229211337e-28
2.757023325609582747e-04 4.989920552439972893e-28
2.788980292380439777e-04 5.459033736506866947e-28
2.821307675939470740e-04 6.004933638951440534e-28
2.854009769829237591e-04 6.580757775196474295e-28
2.887090917359234400e-04 7.206433229833631130e-28
2.920555512182745244e-04 7.925016563682449318e-28
2.954407998880379709e-04 8.686713863786340930e-28
2.988652873550382482e-04 9.499075045942523977e-28
3.023294684405776131e-04 1.044781640803852867e-27
3.058338032378431388e-04 1.143849163620453791e-27
3.093787571730136510e-04 1.253697256432259032e-27
3.129648010670750265e-04 1.376179696429716555e-27
3.165924111983520412e-04 1.509566945559031038e-27
3.202620693657650080e-04 1.657488101204576547e-27
3.239742629528195514e-04 1.812195879572739600e-27
3.277294849923381931e-04 1.990588962533962917e-27
3.315282342319423150e-04 2.185020752893916519e-27
3.353710152002928996e-04 2.393749117742657297e-27
3.392583382740992125e-04 2.624785306652499791e-27
3.431907197459042598e-04 2.877600171120534891e-27
3.471686818926559680e-04 3.157816647171051069e-27
3.511927530450727588e-04 3.460479328368987967e-27
3.552634676578139260e-04 3.795461657810052533e-27
3.593813663804625697e-04 4.160960182865841210e-27
3.635469961293317630e-04 4.560742838331899061e-27
3.677609101601030626e-04 5.007563376778706648e-27
3.720236681413065759e-04 5.485477251365349770e-27
3.763358362286532656e-04 6.014347399370443948e-27
3.806979871402283821e-04 6.603719339072528230e-27
3.851107002325568655e-04 7.234867021076519460e-27
3.895745615775500948e-04 7.936009039578826452e-27
3.940901640403447737e-04 8.700375056665166587e-27
3.986581073580438726e-04 9.538027984628758935e-27
4.032789982193705223e-04 1.046449047366876297e-26
4.079534503452448896e-04 1.147212104325371034e-26
4.126820845702952015e-04 1.258354914348361596e-26
4.174655289253134888e-04 1.379946769911266331e-26
4.223044187206672164e-04 1.513485683798976872e-26
4.271993966306776428e-04 1.659780954313656950e-26
4.321511127789761839e-04 1.818978858407541890e-26
4.371602248248502198e-04 1.995532141680295201e-26
4.422273980505897289e-04 2.188657764475843465e-26
4.473533054498462949e-04 2.398369588857685920e-26
4.525386278170166862e-04 2.629987449065025625e-26
4.577840538376616304e-04 2.884120292873923173e-26
4.630902801799736631e-04 3.163288856814445225e-26
4.684580115873045137e-04 3.468650310969744172e-26
4.738879609717650920e-04 3.803778087360880169e-26
4.793808495089107069e-04 4.171633341789071869e-26
4.849374067335233355e-04 4.573836321491800393e-26
4.905583706365045484e-04 5.017187569729936169e-26
4.962444877628913436e-04 5.500506551433020715e-26
5.019965133110079530e-04 6.031510530333437593e-26
5.078152112327670659e-04 6.614654078291317746e-26
5.137013543351339135e-04 7.254469602409451365e-26
5.196557243827657369e-04 7.953759510639031872e-26
5.256791122018419265e-04 8.721634156598011487e-26
5.317723177850966487e-04 9.562761995408894676e-26
5.379361503980697925e-04 1.048907870865881701e-25
5.441714286865887004e-04 1.150248351966313958e-25
5.504789807854967333e-04 1.261144557746796285e-25
5.568596444286409188e-04 1.383002372221611780e-25
5.633142670601351629e-04 1.516400569603280539e-25
5.698437059469136636e-04 1.662846006384618369e-25
5.764488282925873171e-04 1.823501998781830230e-25
5.831305113526218760e-04 1.999662660139270673e-25
5.898896425508493501e-04 2.193124191771625117e-25
5.967271195973310833e-04 2.404792637437369241e-25
6.036438506075863814e-04 2.636917820917630628e-25
6.106407542232036075e-04 2.891596227800800146e-25
6.177187597338488134e-04 3.171031630643216691e-25
6.248788072006888211e-04 3.476960047687825528e-25
6.321218475812448011e-04 3.813053183268479589e-25
6.394488428556943443e-04 4.181531230969646920e-25
6.468607661546327617e-04 4.585219131361443811e-25
6.543586018883235361e-04 5.027747512766714103e-25
6.619433458774394430e-04 5.513597628839064817e-25
6.696160054853222054e-04 6.045837470354829832e-25
6.773775997517752102e-04 6.629721383242751223e-25
6.852291595284064167e-04 7.270593967369485621e-25
6.931717276155407569e-04 7.972771051297391623e-25
7.012063589007183975e-04 8.742737533432199597e-25
7.093341204987996815e-04 9.586325537588481265e-25
7.175560918936927952e-04 1.051213535461761988e-24
7.258733650817253023e-04 1.152832371531372976e-24
7.342870447166765678e-04 1.264078155274935863e-24
7.427982482564918871e-04 1.386185797641458025e-24
7.514081061116969704e-04 1.520118297806164353e-24
7.601177617955330547e-04 1.666945278833561350e-24
7.689283720758312941e-04 1.827852457667547387e-24
7.778411071286489781e-04 2.004474163157262002e-24
7.868571506936851423e-04 2.198034257830951143e-24
7.959777002314985571e-04 2.410272977930896608e-24
8.052039670825478267e-04 2.643026467662597791e-24
8.145371766280745229e-04 2.898298078980355010e-24
8.239785684528520143e-04 3.178206875234246766e-24
8.335293965098195066e-04 3.485236627529380366e-24
8.431909292866259040e-04 3.821821949346239165e-24
8.529644499741025759e-04 4.190892914004155359e-24
8.628512566366895297e-04 4.595747555844530767e-24
8.728526623848379762e-04 5.039559001839038219e-24
8.829699955494092365e-04 5.526356109433455321e-24
8.932045998580968784e-04 6.059974875153696768e-24
9.035578346138930074e-04 6.645144479467520670e-24
9.140310748756232161e-04 7.286979791079122589e-24
9.246257116405742597e-04 7.990799640980106671e-24
9.353431520292386373e-04 8.762764753839530115e-24
9.461848194722001460e-04 9.608781894417955723e-24
9.571521538991865398e-04 1.053689613210652405e-23
9.682466119303123836e-04 1.155441767036034816e-23
9.794696670695395360e-04 1.267053005022201334e-23
9.908228099003797609e-04 1.389425341794556467e-23
1.002307548283865382e-03 1.523589271504366575e-23
1.013925407558815411e-03 1.670736882088833669e-23
1.025677930744421868e-03 1.832120819029542272e-23
1.037566678745185890e-03 2.009034604817499000e-23
1.049593230558227598e-03 2.203078326467416566e-23
1.061759183483000071e-03 2.415844965827209363e-23
1.074066153333433447e-03 2.649155616515464387e-23
1.086515774652538433e-03 2.905060003345317942e-23
1.099109700929497193e-03 3.185632319788182812e-23
1.111849604819271095e-03 3.493250803516947371e-23
1.124737178364752007e-03 3.830672839125238248e-23
1.137774133221491381e-03 4.200627010680222598e-23
1.150962200885032299e-03 4.606285111186414718e-23
1.164303132920876775e-03 5.051183361877624173e-23
1.177798701197119331e-03 5.539002718075143946e-23
1.191450698119775895e-03 6.073973197771130039e-23
1.205260936870842505e-03 6.660540027433497101e-23
1.219231251649110712e-03 7.303833462106012376e-23
1.233363497913775872e-03 8.009253214892456257e-23
1.247659552630869806e-03 8.782803962054026668e-23
1.262121314522547276e-03 9.630968394511593249e-23
1.276750704319265777e-03 1.056116697130454981e-22
1.291549665014883998e-03 1.158115230375622871e-22
1.306520162124721234e-03 1.269967197448326313e-22
1.321664183946605082e-03 1.392612184964378772e-22
1.336983741824946661e-03 1.527106342118408074e-22
1.352480870417875451e-03 1.674600985903632341e-22
1.368157627967471913e-03 1.836334945450152997e-22
1.384016096573131502e-03 2.013689717386920267e-22
1.400058382468097589e-03 2.208165471383890765e-22
1.416286616299198848e-03 2.421426605339505788e-22
1.432702953409831009e-03 2.655291528797710721e-22
1.449309574126216591e-03 2.911732251100567505e-22
1.466108684046984459e-03 3.192937045517440488e-22
1.483102514336104337e-03 3.501305859394094732e-22
1.500293322019218348e-03 3.839467555786503520e-22
1.517683390283405343e-03 4.210275691427392902e-22
1.535275028780422714e-03 4.616893596429751829e-22
1.553070573933460147e-03 5.062805972828295330e-22
1.571072389247450424e-03 5.551746717675788666e-22
1.589282865622978049e-03 6.087923206762168323e-22
1.607704421673823627e-03 6.675895626710815744e-22
1.626339504048192157e-03 7.320642363076950248e-22
1.645190587753662514e-03 8.027663613048803496e-22
1.664260176485903671e-03 8.802960276803554871e-22
1.683550802961202323e-03 9.653160991787743091e-22
1.703065029252844422e-03 1.058545809754390812e-21
1.722805447131393972e-03 1.160776735571067449e-21
1.742774678408919205e-03 1.272883864347015201e-21
1.762975375287205784e-03 1.395816780040152934e-21
1.783410220710008025e-03 1.530623259026680377e-21
1.804081928719382779e-03 1.678451203366769866e-21
1.824993244816152391e-03 1.840552659942068104e-21
1.846146946324547485e-03 2.018309902216060775e-21
1.867545842761075955e-03 2.213237726755473637e-21
1.889192776207666326e-03 2.426988843010104849e-21
1.911090621689137941e-03 2.661382124211750390e-21
1.933242287555045260e-03 2.918417779348978473e-21
1.955650715865949168e-03 3.200275369685430500e-21
1.978318882784164089e-03 3.509349079122180393e-21
2.001249798969036847e-03 3.848278333419529170e-21
2.024446509976803900e-03 4.219937191164194760e-21
2.047912096665085481e-03 4.627500792726845311e-21
2.071649675602069141e-03 5.074413295917248913e-21
2.095662399480432980e-03 5.564492263023603184e-21
2.119953457536071038e-03 6.101903303981711762e-21
2.144526075971667656e-03 6.691216961200404599e-21
2.169383518385184159e-03 7.337441419872675615e-21
2.194529086203313769e-03 8.046084481017696724e-21
2.219966119119954652e-03 8.823166208163563990e-21
2.245697995539773940e-03 9.675294050825371102e-21
2.271728133026905232e-03 1.060971511863248878e-20
2.298059988758851136e-03 1.163438505091975173e-20
2.324697059985648094e-03 1.275801608513755736e-20
2.351642884494348565e-03 1.399016455211545690e-20
2.378901041078893431e-03 1.534131712025312308e-20
2.406475150015424062e-03 1.682294743114304144e-20
2.434368873543110365e-03 1.844767582816529411e-20
2.462585916350546866e-03 2.022932889289002573e-20
2.491130026067788373e-03 2.218304973522699554e-20
2.520004993764092018e-03 2.432544416442868009e-20
2.549214654451422910e-03 2.667475348861594702e-20
2.578762887593801043e-03 2.925095056058480969e-20
2.608653617622547997e-03 3.207594239293367552e-20
2.638890814457510187e-03 3.517378373786399438e-20
2.669478494034320699e-03 3.857080735236388478e-20
2.700420718837772543e-03 4.229589875408848104e-20
2.731721598441376204e-03 4.638076089321753156e-20
2.763385290053169997e-03 5.086011229123377180e-20
2.795415999067856535e-03 5.577209337328937512e-20
2.827817979625341181e-03 6.115844688304869796e-20
2.860595535175741895e-03 6.706498932755450532e-20
2.893753019050950264e-03 7.354200316017269738e-20
2.927294835042816134e-03 8.064453133383508319e-20
2.961225437988034351e-03 8.843298833439991743e-20
2.995549334359812969e-03 9.697367273997978730e-20
3.030271082866396216e-03 1.063391693281254508e-19
3.065395295056526793e-03 1.166091701288207998e-19
3.100926635931926852e-03 1.278710099017818524e-19
3.136869824566876613e-03 1.402204960797528094e-19
3.173229634734976452e-03 1.537626268719563355e-19
3.210010895543171858e-03 1.686126913068863722e-19
3.247218492073128838e-03 1.848968853635057392e-19
3.284857366030043482e-03 2.027537552535164467e-19
3.322932516398971556e-03 2.223351948974797032e-19
3.361449000108765288e-03 2.438077660247379235e-19
3.400411932703706255e-03 2.673540559596739864e-19
3.439826489022924580e-03 2.931744249727012079e-19
3.479697903887691603e-03 3.214883930496664459e-19
3.520031472796678832e-03 3.525368173700188734e-19
3.560832552629277729e-03 3.865838745050246919e-19
3.602106562357070083e-03 4.239190588662150844e-19
3.643858983763544404e-03 4.648599327479417134e-19
3.686095362172158059e-03 5.097547274245745924e-19
3.728821307182833642e-03 5.589852742308449752e-19
3.772042493416997554e-03 6.129703399479525727e-19
3.815764661271248397e-03 6.721691012351155508e-19
3.859993617679767074e-03 7.370851111426951887e-19
3.904735236885560103e-03 8.082703516322065391e-19
3.949995461220642823e-03 8.863304644189326857e-19
3.995780301895269192e-03 9.719293597754491728e-19
4.042095839796309639e-03 1.065794960722878878e-18
4.088948226294864159e-03 1.168725715598561063e-18
4.136343684063278035e-03 1.281597081521550491e-18
4.184288507901584922e-03 1.405369151241074658e-18
4.232789065573553354e-03 1.541094457079142047e-18
4.281851798652415615e-03 1.689927719705966582e-18
4.331483223376403000e-03 1.853134382299810434e-18
4.381689931514195016e-03 2.032102896607237326e-18
4.432478591240400501e-03 2.228355448133914446e-18
4.483855948021191196e-03 2.443560994667286812e-18
4.535828825510191016e-03 2.679550046186802712e-18
4.588404126454761513e-03 2.938329675944318303e-18
4.641588833612782412e-03 3.222100983554250660e-18
4.695390010680062544e-03 3.533277501950821929e-18
4.749814803228504315e-03 3.874505655976618147e-18
4.804870439655133628e-03 4.248687998494823401e-18
4.860564232142139222e-03 4.659006697042663291e-18
4.916903577628031589e-03 5.108951435467420191e-18
4.973895958790068052e-03 5.602349391386674209e-18
5.031548945038056761e-03 6.143397026485391590e-18
5.089870193519685330e-03 6.736695746579829506e-18
5.148867450137497269e-03 7.387291204026301180e-18
5.208548550577665401e-03 8.100717521142746738e-18
5.268921421350676766e-03 8.883041770794010298e-18
5.329994080844092930e-03 9.740918041728916861e-18
5.391774640387505396e-03 1.068164187149692796e-17
5.454271305329836186e-03 1.171321496539061269e-17
5.517492376129128420e-03 1.284440965100819797e-17
5.581446249454966556e-03 1.408484760961239677e-17
5.646141419303672866e-03 1.544507776392844634e-17
5.711586478126434545e-03 1.693666911950735337e-17
5.777790117970507157e-03 1.857230679674499173e-17
5.844761131633637551e-03 2.036590222343863853e-17
5.912508413831881436e-03 2.233270864677976592e-17
5.981040962380944001e-03 2.448945336688267983e-17
6.050367879391223974e-03 2.685447930811646103e-17
6.120498372476702517e-03 2.944789907471584899e-17
6.191441755977847815e-03 3.229176974523827531e-17
6.263207452198692356e-03 3.541027599786689509e-17
6.335804992658253774e-03 3.882994021909704361e-17
6.409244019356457114e-03 4.257984452550004542e-17
6.483534286054726779e-03 4.669187884451166354e-17
6.558685659571435525e-03 5.120101477267982098e-17
6.634708121092351002e-03 5.614559969565923884e-17
6.711611767496287149e-03 6.156768373223610277e-17
6.789406812696112230e-03 6.751337656351946218e-17
6.868103588995307790e-03 7.403324377925494332e-17
6.947712548460239883e-03 8.118273018205237928e-17
7.028244264308352446e-03 8.902263642753929353e-17
7.109709432312438099e-03 9.761963573835379073e-17
7.192118872221192789e-03 1.070468340795857161e-16
7.275483529196232965e-03 1.173844041352311435e-16
7.359814475265771296e-03 1.287202534770304637e-16
7.445122910795143496e-03 1.411507829475208587e-16
7.531420165974375344e-03 1.547817000941017996e-16
7.618717702322998914e-03 1.697289209547343635e-16
7.707027114212303652e-03 1.861195499477172695e-16
7.796360130405236531e-03 2.040929714775048095e-16
7.886728615614155974e-03 2.238020235098312860e-16
7.978144572076628638e-03 2.454143066186773900e-16
8.070620141149507584e-03 2.691136009670341054e-16
8.164167604921472240e-03 2.951014314898725263e-16
8.258799387844271284e-03 3.235987869304079078e-16
8.354528058382871408e-03 3.548479881131207456e-16
8.451366330684721012e-03 3.891147610644745157e-16
8.549327066268383804e-03 4.266904806079495107e-16
8.648423275731726215e-03 4.678946604892537476e-16
8.748668120479913615e-03 5.130776670683768983e-16
8.850074914473439122e-03 5.626236905201842344e-16
8.952657125996400095e-03 6.169540230561445343e-16
9.056428379445294677e-03 6.765306297647320518e-16
9.161402457138520528e-03 7.418600766962674642e-16
9.267593301146882789e-03 8.134978489155473897e-16
9.375015015145289968e-03 8.920530560680034900e-16
9.483681866285927423e-03 9.781936277828249391e-16
9.593608287093146128e-03 1.072651970007254785e-15
9.704808877380306092e-03 1.176231213221286650e-15
9.817298406188841586e-03 1.289812021119352387e-15
9.931091813749801447e-03 1.414360093562626754e-15
1.004620421346813161e-02 1.550934354167687201e-15
1.016265089392995140e-02 1.700695978393137016e-15
1.028044732093309765e-02 1.864918236652349099e-15
1.039960913954120388e-02 2.044997325636815842e-15
1.052015217616159015e-02 2.242464245747443915e-15
1.064209244064724669e-02 2.458997809065805595e-15
1.076544612842315896e-02 2.696438898693963356e-15
1.089022962263730583e-02 2.956806111392282630e-15
1.101645949633657008e-02 3.242312939113918582e-15
1.114415251466788215e-02 3.555386564337082515e-15
1.127332563710487130e-02 3.898688473155249296e-15
1.140399601970033122e-02 4.275137103755730497e-15
1.153618101736478448e-02 4.687932623047390143e-15
1.166989818617147553e-02 5.140584135455872903e-15
1.180516528568805595e-02 5.636939504206994160e-15
1.194200028133532432e-02 6.181218034506144128e-15
1.208042134677328981e-02 6.778046356528917777e-15
1.222044686631488727e-02 7.432497691000409340e-15
1.236209543736769070e-02 8.150134994597727140e-15
1.250538587290391315e-02 8.937058249295192654e-15
1.265033720395903824e-02 9.799956216070335042e-15
1.279696868215941634e-02 1.074616334851500214e-14
1.294529978227916024e-02 1.178372203590050458e-14
1.309535020482667685e-02 1.292145101674901978e-14
1.324713987866117486e-02 1.416902017599200206e-14
1.340068896363950761e-02 1.553703285338172229e-14
1.355601785329368925e-02 1.703711577130246873e-14
1.371314717753945554e-02 1.868201791826859091e-14
1.387209780541620932e-02 2.048571875541187822e-14
1.403289084785873213e-02 2.246354707637304956e-14
1.419554766050101606e-02 2.463231108465457468e-14
1.436008984651260603e-02 2.701044127475657973e-14
1.452653925946781159e-02 2.961814687287855192e-14
1.469491800624817164e-02 3.247758761480637300e-14
1.486524844997857107e-02 3.561306180677499322e-14
1.503755321299738400e-02 3.905121278288932698e-14
1.521185517986104775e-02 4.282125512300529702e-14
1.538817750038346324e-02 4.695522279279073714e-14
1.556654359271062056e-02 5.148824113708513493e-14
1.574697714643086624e-02 5.645882512906286648e-14
1.592950212572123020e-02 6.190920650807339093e-14
1.611414277253019750e-02 6.788569221061570838e-14
1.630092360979741237e-02 7.443905766935569345e-14
1.648986944471064753e-02 8.162497781467747356e-14
1.668100537200059227e-02 8.950449984796093937e-14
1.687435677727375585e-02 9.814456136023743885e-14
1.706994934038407949e-02 1.076185586738544460e-13
1.726780903884355886e-02 1.180069697620576868e-13
1.746796215127245644e-02 1.293980374956739241e-13
1.767043526088946798e-02 1.418885185763598174e-13
1.787525525904235316e-02 1.555845046765626061e-13
1.808244934877951612e-02 1.706023228227399427e-13
1.829204504846293836e-02 1.870695228408237938e-13
1.850407019542302245e-02 2.051259593401465049e-13
1.871855294965579092e-02 2.249249788070978696e-13
1.893552179756295348e-02 2.466347206099158375e-13
1.915500555573527997e-02 2.704395435831869388e-13
1.937703337477988952e-02 2.965415900886555920e-13
1.960163474319185847e-02 3.251625011189474994e-13
1.982883949127071249e-02 3.565452961904200357e-13
2.005867779508234069e-02 3.909564349123400840e-13
2.029118018046677935e-02 4.286880770520134245e-13
2.052637752709252084e-02 4.700605605807472497e-13
2.076430107255774690e-02 5.154251180712368801e-13
2.100498241653915230e-02 5.651668556092596641e-13
2.124845352498882720e-02 6.197080179991457409e-13
2.149474673437980557e-02 6.795115691321174536e-13
2.174389475600079988e-02 7.450851172525458274e-13
2.199593068030074663e-02 8.169852180571633356e-13
2.225088798128369363e-02 8.958220929356792699e-13
2.250880052095461867e-02 9.822648012532156261e-13
2.276970255381680075e-02 1.077046910950444916e-12
2.303362873142131284e-02 1.180972716037310375e-12
2.330061410696924670e-02 1.294924051426424716e-12
2.357069413996727703e-02 1.419867766297293779e-12
2.384390470093720321e-02 1.556863915156840038e-12
2.412028207618006903e-02 1.707074738828241657e-12
2.439986297259550199e-02 1.871774510167688320e-12
2.468268452255692469e-02 2.052360327011326148e-12
2.496878428884326609e-02 2.250363945669830636e-12
2.525820026962784584e-02 2.467464752579763058e-12
2.555097090352506997e-02 2.705503984592705325e-12
2.584713507469563881e-02 2.966500319426157056e-12
2.614673211801091940e-02 3.252666964496137448e-12
2.644980182427720053e-02 3.566430393457393548e-12
2.675638444552045150e-02 3.910450882727284057e-12
2.706652070033241375e-02 4.287645026220268075e-12
2.738025177927857698e-02 4.701210416009306634e-12
2.769761935036891068e-02 5.154652697445938087e-12
2.801866556459195468e-02 5.651815226933731495e-12
2.834343306151309444e-02 6.196911582188148023e-12
2.867196497493769772e-02 6.794561201720001284e-12
2.900430493863991738e-02 7.449828448530606020e-12
2.934049709215787172e-02 8.168265433035827485e-12
2.968058608665602449e-02 8.955958953209380743e-12
3.002461709085549324e-02 9.819581946644628242e-12
3.037263579703311511e-02 1.076644989156578170e-11
3.072468842709003348e-02 1.180458262529826856e-11
3.108082173869063797e-02 1.294277211066507409e-11
3.144108303147264555e-02 1.419065670786740139e-11
3.180552015332920035e-02 1.555880259024483224e-11
3.217418150676371741e-02 1.705879297681112402e-11
3.254711605531847990e-02 1.870332594284316197e-11
3.292437333007768724e-02 2.050632162059023304e-11
3.330600343624588733e-02 2.248303970199248717e-11
3.369205705980267418e-02 2.465020822026325041e-11
3.408258547423451829e-02 2.702616470177681820e-11
3.447764054734463873e-02 2.963101086609025817e-11
3.487727474814177747e-02 3.248678218039923755e-11
3.528154115380883332e-02 3.561763368357971812e-11
3.569049345675229939e-02 3.905004364640984345e-11
3.610418597173337130e-02 4.281303677419889300e-11
3.652267364308175307e-02 4.693842881998808206e-11
3.694601205199302130e-02 5.146109466261032265e-11
3.737425742391064371e-02 5.641926210119592349e-11
3.780746663599349189e-02 6.185483381189382673e-11
3.824569722466999305e-02 6.781374018228410834e-11
3.868900739327975347e-02 7.434632596316098720e-11
3.913745601980384015e-02 8.150777398144149779e-11
3.959110266468458816e-02 8.935856944792940079e-11
4.005000757873611317e-02 9.796500876185730581e-11
4.051423171114647281e-02 1.073997570424717895e-10
4.098383671757261509e-02 1.177424590604713777e-10
4.145888496832911274e-02 1.290804086677737172e-10
4.193943955667186335e-02 1.415092823143959415e-10
4.242556430717776828e-02 1.551339427664135975e-10
4.291732378422157684e-02 1.700693197398958309e-10
4.341478330055092288e-02 1.864413747889214505e-10
4.391800892596085804e-02 2.043881584695919470e-10
4.442706749606882555e-02 2.240609686194642543e-10
4.494202662119142072e-02 2.456256193600859833e-10
4.546295469532399269e-02 2.692638313980616486e-10
4.598992090522438514e-02 2.951747551937825797e-10
4.652299523960189143e-02 3.235766396187210305e-10
4.706224849841281199e-02 3.547086600234373202e-10
4.760775230226368254e-02 3.888329208291546487e-10
4.815957910192350533e-02 4.262366493071081126e-10
4.871780218794630885e-02 4.672345987002796068e-10
4.928249570040513228e-02 5.121716806400373459e-10
4.985373463873893352e-02 5.614258486043362178e-10
5.043159487171358646e-02 6.154112563656422639e-10
5.101615314749833457e-02 6.745817174455320287e-10
5.160748710385907462e-02 7.394344942837644342e-10
5.220567527846975420e-02 8.105144483285064148e-10
5.281079711934331261e-02 8.884185853487234464e-10
5.342293299538352497e-02 9.738010334695651615e-10
5.404216420705915125e-02 1.067378494920396796e-09
5.466857299720180585e-02 1.169936216432776897e-09
5.530224256192900478e-02 1.282334527404815512e-09
5.594325706169377826e-02 1.405515999598392944e-09
5.659170163246242391e-02 1.540513287218877604e-09
5.724766239702178822e-02 1.688457711686059523e-09
5.791122647641758214e-02 1.850588661591525012e-09
5.858248200152536139e-02 2.028263884804303152e-09
5.926151812475552449e-02 2.222970757054273252e-09
5.994842503189409116e-02 2.436338619171092586e-09
6.064329395408061402e-02 2.670152283752431799e-09
6.134621717992506246e-02 2.926366821624203044e-09
6.205728806776500406e-02 3.207123748677658259e-09
6.277660105806499857e-02 3.514768744976515873e-09
6.350425168595962011e-02 3.851871050353880874e-09
6.424033659394190465e-02 4.221244694286964234e-09
6.498495354469888130e-02 4.625971732438915519e-09
6.573820143409585259e-02 5.069427678411672544e-09
6.650018030431117944e-02 5.555309336865297611e-09
6.727099135712336087e-02 6.087665263236940035e-09
6.805073696735206012e-02 6.670929096409877697e-09
6.883952069645496441e-02 7.309956033489698971e-09
6.963744730628222690e-02 8.010062740767424828e-09
7.044462277299036457e-02 8.777071022519018664e-09
7.126115430111745752e-02 9.617355598703854521e-09
7.208715033782135684e-02 1.053789637554409403e-08
7.292272058728312134e-02 1.154633562809882321e-08
7.376797602527730702e-02 1.265104055306372722e-08
7.462302891391107973e-02 1.386117169200084020e-08
7.548799281653431614e-02 1.518675777141942206e-08
7.636298261282241373e-02 1.663877755658724159e-08
7.724811451403400253e-02 1.822924937067870457e-08
7.814350607844541829e-02 1.997132899075191523e-08
7.904927622696419909e-02 2.187941669741320346e-08
7.996554525892346499e-02 2.396927432610215491e-08
8.089243486805938743e-02 2.625815324556078899e-08
8.183006815867389927e-02 2.876493427383639673e-08
8.277856966198472721e-02 3.151028063362668096e-08
8.373806535266489770e-02 3.451680515046675874e-08
8.470868266557401993e-02 3.780925300527922800e-08
8.569055051268346934e-02 4.141470147294618431e-08
8.668379930019773361e-02 4.536277820829310046e-08
8.768856094587426653e-02 4.968589978155646324e-08
8.870496889654402861e-02 5.441953232019361129e-08
8.973315814583519845e-02 5.960247628094609765e-08
9.077326525210223374e-02 6.527717755818366406e-08
9.182542835656282154e-02 7.149006733349854191e-08
9.288978720164497993e-02 7.829193328681564510e-08
9.396648314954690606e-02 8.573832502420375228e-08
9.505565920101191613e-02 9.388999683276355332e-08
9.615746001432096124e-02 1.028133911505532485e-07
9.727203192450536995e-02 1.125811664404892808e-07
9.839952296278225985e-02 1.232727734859988303e-07
9.954008287621518569e-02 1.349750844809631642e-07
1.006938631476027024e-01 1.477830796736563302e-07
1.018610170155975214e-01 1.618005967445644841e-07
1.030416994950587445e-01 1.771411485532329971e-07
1.042360673976401170e-01 1.939288153832914145e-07
1.054442793526168404e-01 2.122992183529316141e-07
1.066664958279538722e-01 2.324005812383722301e-07
1.079028791516183639e-01 2.543948885895595349e-07
1.091535935331391094e-01 2.784591487012680529e-07
1.104188050854160164e-01 3.047867707430382134e-07
1.116986818467822634e-01 3.335890661552927025e-07
1.129933938033221702e-01 3.650968852866446677e-07
1.143031129114478600e-01 3.995624011885251688e-07
1.156280131207375328e-01 4.372610535019496011e-07
1.169682703970384707e-01 4.784936664706746648e-07
1.183240627458378019e-01 5.235887563060385418e-07
1.196955702359042834e-01 5.729050444141598645e-07
1.210829750232039481e-01 6.268341943872922913e-07
1.224864613750930725e-01 6.858037921582098241e-07
1.239062156947915577e-01 7.502805903385349701e-07
1.253424265461399456e-01 8.207740395061103360e-07
1.267952846786433996e-01 8.978401310908454452e-07
1.282649830528059809e-01 9.820855785358612871e-07
1.297517168657586761e-01 1.074172365597666281e-06
1.312556835771842845e-01 1.174822693000253907e-06
1.327770829355429116e-01 1.284824357187774197e-06
1.343161170046015263e-01 1.405036597642421529e-06
1.358729901902709092e-01 1.536396452156242282e-06
1.374479092677536596e-01 1.679925662581998795e-06
1.390410834090069769e-01 1.836738176959317880e-06
1.406527242105236331e-01 2.008048297517310392e-06
1.422830457214351862e-01 2.195179527926561848e-06
1.439322644719406574e-01 2.399574177311743380e-06
1.456005995020648591e-01 2.622803782961827155e-06
1.472882723907501801e-01 2.866580418411733945e-06
1.489955072852853779e-01 3.132768958615170111e-06
1.507225309310755434e-01 3.423400379321682693e-06
1.524695727017572888e-01 3.740686173506183244e-06
1.542368646296627399e-01 4.087033973814654579e-06
1.560246414366368017e-01 4.465064476479693524e-06
1.578331405652116382e-01 4.877629769059348625e-06
1.596626022101425013e-01 5.327833171663815689e-06
1.615132693503091299e-01 5.819050709076570649e-06
1.633853877809862132e-01 6.354954339369633950e-06
1.652792061464895546e-01 6.939537073245939746e-06
1.671949759731990170e-01 7.577140127464404690e-06
1.691329517029648843e-01 8.272482265272162202e-06
1.710933907269015231e-01 9.030691486844433005e-06
1.730765534195725930e-01 9.857339243259198642e-06
1.750827031735725237e-01 1.075847735856936265e-05
1.771121064345088647e-01 1.174067785600922442e-05
1.791650327363901452e-01 1.281107589633884352e-05
1.812417547374237659e-01 1.397741604870014894e-05
1.833425482562290598e-01 1.524810212717501008e-05
1.854676923084699336e-01 1.663225083940935583e-05
1.876174691439121411e-01 1.813974950717749687e-05
1.897921642839101308e-01 1.978131813256725876e-05
1.919920665593284892e-01 2.156857609745506724e-05
1.942174681489026444e-01 2.351411379808004140e-05
1.964686646180446583e-01 2.563156953068522568e-05
1.987459549580983809e-01 2.793571195826642618e-05
2.010496416260499075e-01 3.044252850231930492e-05
2.033800305846981960e-01 3.316932001693906898e-05
2.057374313432913659e-01 3.613480211552472015e-05
2.081221569986339281e-01 3.935921353245214405e-05
2.105345242766706038e-01 4.286443191316602775e-05
2.129748535745520921e-01 4.667409743592252410e-05
2.154434690031884481e-01 5.081374467657989746e-05
2.179406984302955930e-01 5.531094313399531685e-05
2.204668735239409816e-01 6.019544683740352657e-05
2.230223297965938656e-01 6.549935345808916335e-05
2.256074066496861485e-01 7.125727334528209056e-05
2.282224474186898555e-01 7.750650889989723832e-05
2.308677994187169624e-01 8.428724468889994825e-05
2.335438139906479416e-01 9.164274868697644340e-05
2.362508465477947683e-01 9.961958501008194491e-05
2.389892566231050230e-01 1.082678384764903048e-04
2.417594079169130827e-01 1.176413512941571014e-04
2.445616683452446483e-01 1.277979721276330813e-04
2.473964100886814066e-01 1.387998177422357664e-04
2.502640096417919069e-01 1.507135473564496803e-04
2.531648478631355337e-01 1.636106497543823922e-04
2.560993100258459609e-01 1.775677431170287707e-04
2.590677858688008595e-01 1.926668874225797581e-04
2.620706696483852682e-01 2.089959091404412208e-04
2.651083601908538756e-01 2.266487377992477514e-04
2.681812609453015361e-01 2.457257538440200538e-04
2.712897800372467416e-01 2.663341470099477417e-04
2.744343303228365394e-01 2.885882842276898822e-04
2.776153294436801144e-01 3.126100858358387118e-04
2.808331998823172526e-01 3.385294086075336158e-04
2.840883690183304000e-01 3.664844337983073712e-04
2.873812691851066470e-01 3.966220580883538546e-04
2.907123377272578524e-01 4.290982849222998280e-04
2.940820170587063465e-01 4.640786133408049408e-04
2.974907547214440395e-01 5.017384209485419196e-04
3.009390034449720974e-01 5.422633371699233512e-04
3.044272212064302874e-01 5.858496024054213845e-04
3.079558712914226559e-01 6.327044081150761225e-04
3.115254223555488089e-01 6.830462122205505733e-04
3.151363484866479547e-01 7.371050235309437385e-04
3.187891292677645927e-01 7.951226481600775792e-04
3.224842498408442282e-01 8.573528901129765173e-04
3.262222009711669979e-01 9.240616973776554074e-04
3.300034791125285305e-01 9.955272439654383031e-04
3.338285864731760921e-01 1.072039937401025617e-03
3.376980310825091203e-01 1.153902340175277106e-03
3.416123268585528616e-01 1.241428992643357852e-03
3.455719936762139399e-01 1.334946123784058573e-03
3.495775574363275129e-01 1.434791235140359372e-03
3.536295501355042892e-01 1.541312542145604212e-03
3.577285099367873422e-01 1.654868255915712761e-03
3.618749812411280464e-01 1.775825687469419689e-03
3.660695147596902399e-01 1.904560155242342222e-03
3.703126675869927165e-01 2.041453675706370995e-03
3.746050032748993175e-01 2.186893415916671846e-03
3.789470919074667821e-01 2.341269885911096207e-03
3.833395101766601254e-01 2.504974848112194279e-03
3.877828414589457595e-01 2.678398920264844166e-03
3.922776758927719598e-01 2.861928848023653164e-03
3.968246104569481680e-01 3.055944423127362249e-03
4.014242490499321803e-01 3.260815023213983060e-03
4.060772025700365440e-01 3.476895749794356189e-03
4.107840889965646558e-01 3.704523141776261234e-03
4.155455334718875515e-01 3.944010443281115337e-03
4.203621683844713797e-01 4.195642406395249345e-03
4.252346334528682159e-01 4.459669612024414961e-03
4.301635758106794882e-01 4.736302295258337271e-03
4.351496500925050026e-01 5.025703665689292172e-03
4.401935185208874501e-01 5.327982718058212920e-03
4.452958509942655518e-01 5.643186534518825591e-03
4.504573251759458330e-01 5.971292086813646122e-03
4.556786265841064054e-01 6.312197554842923636e-03
4.609604486828433600e-01 6.665713187576302774e-03
4.663034929742731483e-01 7.031551743101100219e-03
4.717084690917017209e-01 7.409318556906387132e-03
4.771760948938745805e-01 7.798501301347620686e-03
4.827070965603182939e-01 8.198459514683932581e-03
4.883022086877880086e-01 8.608413995177945782e-03
4.939621743878320759e-01 9.027436174516208570e-03
4.996877453854883799e-01 9.454437605242751314e-03
5.054796821191240852e-01 9.888159718958417638e-03
5.113387538414325695e-01 1.032716403563933502e-02
5.172657387216018643e-01 1.076982302943990319e-02
5.232614239486661489e-01 1.121431188257468285e-02
5.293266058360561743e-01 1.165860138606678725e-02
5.354620899273607737e-01 1.210045227397022957e-02
5.416686911033151697e-01 1.253741130570686958e-02
5.479472336900287344e-01 1.296680943888849254e-02
5.542985515684668574e-01 1.338576246180723205e-02
5.607234882852032420e-01 1.379117447994345803e-02
5.672228971644543982e-01 1.417974467350837861e-02
5.737976414214134291e-01 1.454797776223597239e-02
5.804485942768977669e-01 1.489219862825414548e-02
5.871766390733255125e-01 1.520857155666023586e-02
5.939826693920355893e-01 1.549312455502576888e-02
6.008675891719686968e-01 1.574177920596100955e-02
6.078323128297229427e-01 1.595038648946242588e-02
6.148777653810023613e-01 1.611476898232858113e-02
6.220048825634711953e-01 1.623076979866409919e-02
6.292146109610343707e-01 1.629430857655302795e-02
6.365079081295571539e-01 1.630144473951742126e-02
6.438857427240419762e-01 1.624844816557171126e-02
6.513490946272803006e-01 1.613187727982431235e-02
6.588989550799949635e-01 1.594866444712409945e-02
6.665363268124913088e-01 1.569620837791449453e-02
6.742622241778342129e-01 1.537247307230604765e-02
6.820776732865685421e-01 1.497609261393549433e-02
6.899837121430018039e-01 1.450648088654763607e-02
6.979813907830659803e-01 1.396394502323226525e-02
7.060717714137773049e-01 1.334980111253418998e-02
7.142559285543126357e-01 1.266649037989146451e-02
7.225349491787214085e-01 1.191769374084640336e-02
7.309099328602910450e-01 1.110844228930902775e-02
7.393819919175865785e-01 1.024522094634776510e-02
7.479522515621821466e-01 9.336062160603859211e-03
7.566218500481054487e-01 8.390626230177649497e-03
7.653919388230148169e-01 7.420264519131770757e-03
7.742636826811269968e-01 6.438061582730975584e-03
7.832382599179196214e-01 5.458852009003915817e-03
7.923168624866253618e-01 4.499207646552133739e-03
8.015006961565405152e-01 3.577390837487985815e-03
8.107909806731686819e-01 2.713269328773200862e-03
8.201889499202202893e-01 1.928188714518191960e-03
8.296958520834906148e-01 1.244798585569883032e-03
8.393129498166364000e-01 6.868290499823110620e-04
8.490415204088747059e-01 2.788149563687724285e-04
8.588828559546249908e-01 4.576601697379886036e-05
8.688382635251183927e-01 1.278210043048754375e-05
8.789090653419954213e-01 2.046142527603360341e-04
8.890965989529158175e-01 6.451735103941097591e-04
8.994022174092044519e-01 1.356991284587614859e-03
9.098272894455557980e-01 2.360637007459976278e-03
9.203731996618220723e-01 3.674100810613384598e-03
9.310413487069075789e-01 5.312151220953579417e-03
9.418331534647951253e-01 7.285680155293976570e-03
9.527500472427290479e-01 9.601049812479974313e-03
9.637934799615786030e-01 1.225945832210305862e-02
9.749649183484085935e-01 1.525634312162685996e-02
9.862658461312820979e-01 1.858084289518682417e-02
9.976977642363201726e-01 2.221534040236925259e-02
1.009262190987048502e+00 2.613510952997692358e-02
1.020960662306047650e+00 3.030809028488511483e-02
1.032794731918952547e+00 3.469481508164789368e-02
1.044765971560805307e+00 3.924850843961293079e-02
1.056875971184805030e+00 4.391537997804554477e-02
1.069126339173477103e+00 4.863512729096051979e-02
1.081518702552289213e+00 5.334166083143204729e-02
1.094054707205743604e+00 5.796405731127138999e-02
1.106736018095974439e+00 6.242774134657370216e-02
1.119564319483879355e+00 6.665588722957940804e-02
1.132541315152812755e+00 7.057102392404089597e-02
1.145668728634872569e+00 7.409681687751726309e-02
1.158948303439811811e+00 7.715999030782347279e-02
1.172381803286599800e+00 7.969234361663747601e-02
1.185971012337670549e+00 8.163280594852427574e-02
1.199717735435885446e+00 8.292946415084130607e-02
1.213623798344241722e+00 8.354149205282243584e-02
1.227691047988360484e+00 8.344090365560768996e-02
1.241921352701784720e+00 8.261405009922519194e-02
1.256316602474121469e+00 8.106278071046735256e-02
1.270878709202059476e+00 7.880519253511383826e-02
1.285609606943296512e+00 7.587590090976149837e-02
1.300511252173409904e+00 7.232577607162402056e-02
1.315585624045705115e+00 6.822110758173882683e-02
1.330834724654076151e+00 6.364217925295931333e-02
1.346260579298911075e+00 5.868126186117276349e-02
1.361865236756082842e+00 5.344005841192225187e-02
1.377650769549054965e+00 4.802666606468508625e-02
1.393619274224143556e+00 4.255214861696204193e-02
1.409772871628967694e+00 3.712684208983717260e-02
1.426113707194129887e+00 3.185654159937456598e-02
1.442643951218158804e+00 2.683873838585408220e-02
1.459365799155757593e+00 2.215908963559983652e-02
1.476281471909391074e+00 1.788830872043115777e-02
1.493393216124253353e+00 1.407965812407390230e-02
1.510703304486655574e+00 1.076721048578924839e-02
1.528214036025870914e+00 7.965014328935191013e-03
1.545927736419478560e+00 5.667260361037215234e-03
1.563846758302247730e+00 3.849492800722193343e-03
1.581973481578601515e+00 2.470850011894482490e-03
1.600310313738701806e+00 1.477252764856050535e-03
1.618859690178199306e+00 8.053905474223780562e-04
1.637624074521689010e+00 3.872911135954767775e-04
1.656605958949915136e+00 1.552009940034549903e-04
1.675807864530768798e+00 4.646030502796511127e-05
1.695232341554121502e+00 8.028981046234173882e-06
1.714881969870540868e+00 3.179541179124647241e-07
1.734759359233932541e+00 1.109295300859008492e-09
1.754867149648152047e+00 1.533720795064632184e-06
1.775208011717636092e+00 1.718014897170325411e-05
1.795784647002096834e+00 7.545511073237434860e-05
1.816599788375328650e+00 2.180035577775069143e-04
1.837656200388172456e+00 4.950763455791883138e-04
1.858956679635688225e+00 9.598924714446507378e-04
1.880504055128583429e+00 1.662302044318197166e-03
1.902301188668945819e+00 2.642264793023828533e-03
1.924350975230332272e+00 3.923724476238528609e-03
1.946656343342263229e+00 5.509479108648441224e-03
1.969220255479173565e+00 7.377612331928792150e-03
1.992045708453871189e+00 9.479958540626234886e-03
2.015135733815558439e+00 1.174292485513822593e-02
2.038493398252464228e+00 1.407079424560255670e-02
2.062121803999144465e+00 1.635140013274345022e-02
2.086024089248504687e+00 1.846381393146472386e-02
2.110203428568596440e+00 2.028744864226174685e-02
2.134663033324245340e+00 2.171178214016444147e-02
2.159406152103567678e+00 2.264577176129094899e-02
2.184436071149428393e+00 2.302599208679617648e-02
2.209756114795903059e+00 2.282259780235276064e-02
2.235369645909796699e+00 2.204239890532508350e-02
2.261280066337279404e+00 2.072862722653208423e-02
2.287490817355704031e+00 1.895734545803293494e-02
2.314005380130653933e+00 1.683086059519564928e-02
2.340827276178294447e+00 1.446889778404204102e-02
2.367960067833078774e+00 1.199860604187706105e-02
2.395407358720879287e+00 9.544644460259916682e-03
2.423172794237600680e+00 7.220589873324414869e-03
2.451260062033339793e+00 5.122692894281358905e-03
2.479672892502160053e+00 3.326601361917084620e-03
2.508415059277541381e+00 1.887120836796937241e-03
2.537490379733571721e+00 8.404809696585627569e-04
2.566902715491951703e+00 2.080420448783322767e-04
2.596655972934872381e+00 3.388081725224855112e-08
2.626754103723838440e+00 2.178777246103049737e-04
2.657201105324506596e+00 8.539618039889321569e-04
2.688001021537607560e+00 1.888410692892914791e-03
2.719157943036019098e+00 3.283307415838075845e-03
2.750676007908067433e+00 4.975810037753490220e-03
2.782559402207125832e+00 6.872406910804951599e-03
2.814812360507581435e+00 8.846921547811659528e-03
2.847439166467247595e+00 1.074460792869456026e-02
2.880444153396297668e+00 1.239369026798166178e-02
2.913831704832788638e+00 1.362409261930765288e-02
2.947606255124858521e+00 1.429116047582026060e-02
2.981772290019673477e+00 1.430034701519167749e-02
3.016334347259197468e+00 1.362764381718741848e-02
3.051297017182871052e+00 1.233044690846692854e-02
3.086664943337274369e+00 1.054482751312145125e-02
3.122442823092857811e+00 8.467758603367101650e-03
3.158635408267818967e+00 6.326284307126811557e-03
3.195247505759213791e+00 4.339122165339166781e-03
3.232283978181380579e+00 2.678793391472936158e-03
3.269749744511767808e+00 1.443194052405465241e-03
3.307649780744242651e+00 6.440214886337498282e-04
3.345989120549974771e+00 2.157208122053256747e-04
3.384772855945982872e+00 4.337010470347263066e-05
3.424006137971425723e+00 2.515565344588090493e-06
3.463694177371734462e+00 1.915764242326674979e-11
3.503842245290675894e+00 3.702063764789764143e-06
3.544455673970435594e+00 5.153710637850124782e-05
3.585539857459817181e+00 2.357528441007774634e-04
3.627100252330648367e+00 6.660715893042176879e-04
3.669142378402494131e+00 1.422379089771660683e-03
3.711671819475766743e+00 2.512039058737675946e-03
3.754694224073336972e+00 3.846734838153109074e-03
3.798215306190736218e+00 5.248535562866146406e-03
3.842240846055060999e+00 6.485878171134172414e-03
3.886776690892667752e+00 7.330092619262479695e-03
3.931828755705770284e+00 7.615471345902216985e-03
3.977403024058036696e+00 7.283742900131977803e-03
4.023505548869293236e+00 6.398492809861112615e-03
4.070142453219438572e+00 5.125388208864226081e-03
4.117319931161679492e+00 3.686346143546373206e-03
4.165044248545185290e+00 2.305073194925406476e-03
4.213321743847289191e+00 1.163441985047429560e-03
4.262158829015325168e+00 3.815566644832798864e-04
4.311561990318228510e+00 2.176779782605224979e-05
4.361537789208005833e+00 1.044668746323326362e-04
4.412092863191189984e+00 6.181781475575013089e-04
4.463233926710397093e+00 1.512249932107867468e-03
4.514967772036102112e+00 2.675297194202500093e-03
4.567301270168746541e+00 3.918245105744847662e-03
4.620241371751313331e+00 4.986657014139787673e-03
4.673795107992464004e+00 5.616159084362313918e-03
4.727969591600390764e+00 5.619869048676963928e-03
4.782772017727485725e+00 4.970833757659930477e-03
4.838209664925956943e+00 3.832968405883153875e-03
4.894289896114531579e+00 2.511851336983801815e-03
4.951020159556350997e+00 1.337226975144379477e-03
5.008407989848212338e+00 5.309534211681896489e-04
5.066461008921268494e+00 1.302822525911728963e-04
5.125186927053333008e+00 1.125079608349596765e-05
5.184593543892913381e+00 2.209606906588503947e-09
5.244688749495119318e+00 3.865850365788717228e-06
5.305480525369573819e+00 7.672354120816491675e-05
5.366976945540476329e+00 3.713668376979855040e-04
5.429186177618943177e+00 1.005714192165232078e-03
5.492116483887789613e+00 1.932340385652892923e-03
5.555776222398877806e+00 2.906335202803290996e-03
5.620173848083187984e+00 3.585264012708146934e-03
5.685317913873753071e+00 3.704976618807196906e-03
5.751217071841614015e+00 3.219765923339625545e-03
5.817880074344935259e+00 2.318394655977721024e-03
5.885315775191449994e+00 1.315267171437720746e-03
5.953533130814370189e+00 5.019225403117561889e-04
6.022541201461927507e+00 5.826197034145013829e-05
6.092349152400711176e+00 5.392061353941385960e-05
6.162966255132942273e+00 4.828921014835305201e-04
6.234401888627863819e+00 1.257148334509536856e-03
6.306665540567405692e+00 2.160726665431470742e-03
6.379766808606282424e+00 2.854677803004047713e-03
6.453715401646701544e+00 3.011660709857001076e-03
6.528521141127847649e+00 2.527178688366967310e-03
6.604193962330305645e+00 1.628542542412504852e-03
6.680743915695614987e+00 7.428582492123936634e-04
6.758181168161110364e+00 1.981882964122772580e-04
6.836516004510238886e+00 1.713219742183197939e-05
6.915758828738525210e+00 1.064212501114636794e-09
6.995920165435374649e+00 7.990294500154965023e-06
7.077010661181889262e+00 1.361717768772511769e-04
7.159041085964887863e+00 5.742700660028660304e-04
7.242022334607315592e+00 1.303567097353989937e-03
7.325965428215230446e+00 1.985433223692966483e-03
7.410881515641570161e+00 2.202402139037972981e-03
7.496781874966877091e+00 1.816554207232834364e-03
7.583677914997190683e+00 1.074245370023861959e-03
7.671581176779302069e+00 3.801340851674047208e-04
7.760503335133570602e+00 2.258279097160417460e-05
7.850456200204509294e+00 1.043583363792806236e-04
7.941451719029339884e+00 5.948876642927455926e-04
8.033501977124734239e+00 1.298652901184086305e-03
8.126619200091946382e+00 1.818087475397792878e-03
8.220815755240540312e+00 1.770769087471929385e-03
8.316104153230961415e+00 1.168548121552434290e-03
8.412497049736117560e+00 4.621819010883089886e-04
8.510007247122246099e+00 7.613763871579637790e-05
8.608647696149244410e+00 8.530721837930355822e-07
8.708431497690723333e+00 1.638833823470303254e-06
8.809371904473991322e+00 9.129634578100449805e-05
8.911482322840202031e+00 4.858116641705602389e-04
9.014776314524917566e+00 1.101335567328854412e-03
9.119267598459298796e+00 1.454482941411905893e-03
9.224970052592174952e+00 1.217223258484449689e-03
9.331897715733239451e+00 6.134563701470051311e-04
9.440064789417602853e+00 1.188562134927123343e-04
9.549485639791965852e+00 1.659726839905554136e-05
9.660174799522645017e+00 3.443919910070058848e-04
9.772146969725724830e+00 9.169856681785569074e-04
9.885417021919574054e+00 1.272009195413054605e-03
1.000000000000000000e+01 1.031784887132831171e-03
