9.999999999999999547e-07 5.370050749855611190e-10
1.096985797892384023e-06 6.665127798272072269e-10
1.203377840777590506e-06 8.272474392300649211e-10
1.320088400831416760e-06 1.026735174037475708e-09
1.448118227674533100e-06 1.274314374377546864e-09
1.588565129428052708e-06 1.581571366903694069e-09
1.742633386009650705e-06 1.962880501332446005e-09
1.911644075385703595e-06 2.436073544644957763e-09
2.097046401323230812e-06 3.023269150403891802e-09
2.300430119772916844e-06 3.751900473584280781e-09
2.523539170434765982e-06 4.655987841754873659e-09
2.768286630392066801e-06 5.777714511259495318e-09
3.036771118035460538e-06 7.169376863911299106e-09
3.331294787934669962e-06 8.895797086120230822e-09
3.654383070957254277e-06 1.103730680974571296e-08
4.008806328898464506e-06 1.369343492137214533e-08
4.397603609302721006e-06 1.698746298850967434e-08
4.824108704165373363e-06 2.107204894073285397e-08
5.291978735958436362e-06 2.613616495602983106e-08
5.805225516094895368e-06 3.241364962865497480e-08
6.368249944718586522e-06 4.019374127980331436e-08
6.985879746785248997e-06 4.983403865641108782e-08
7.663410868007462581e-06 6.177643218301211124e-08
8.406652885618315837e-06 7.656666336655604415e-08
9.221978823334321272e-06 9.487830797320244831e-08
1.011637979766207114e-05 1.175421428600296953e-07
1.109752496412072123e-05 1.455820483504578189e-07
1.217382727739661976e-05 1.802588311596203368e-07
1.335451562929897430e-05 2.231236099393357069e-07
1.464971398307284918e-05 2.760827323817726041e-07
1.607052818261638468e-05 3.414765405703193603e-07
1.762914118095948102e-05 4.221747231345939137e-07
1.933891750455232097e-05 5.216914617853172407e-07
2.121451784910627868e-05 6.443241467326623698e-07
2.327202478960407187e-05 7.953200153692611600e-07
2.552908068239516468e-05 9.810757925993152796e-07
2.800503894183631128e-05 1.209376222065361880e-06
3.072112998861759335e-05 1.489678256721437452e-06
3.370064329271925001e-05 1.833448809846683563e-06
3.696912707195031789e-05 2.254565190797832317e-06
4.055460735840827523e-05 2.769788980741850071e-06
4.448782831127585431e-05 3.399326140139407396e-06
4.880251583654433487e-05 4.167488827679394682e-06
5.353566677410718833e-05 5.103478131647116978e-06
5.872786613189488590e-05 6.242312094856159273e-06
6.442363508721369713e-05 7.625930908357583435e-06
7.067181273927491600e-05 9.304521514454967157e-06
7.752597488629464379e-05 1.133811926633931984e-05
8.504489341802668747e-05 1.379856530197668461e-05
9.329304026284696006e-05 1.677192844535776474e-05
1.023411402105452698e-04 2.036154165838205413e-05
1.122667773510813578e-04 2.469185839295255855e-05
1.231550603292826216e-04 2.991340842168229406e-05
1.350993521198026509e-04 3.620922832795259915e-05
1.482020705798858503e-04 4.380326232491203731e-05
1.625755666443795110e-04 5.297137716883013557e-05
1.783430876931909215e-04 6.405580800217391285e-05
1.956398343517064872e-04 7.748405317716314505e-05
2.146141197858403608e-04 9.379344324396314081e-05
2.354286414322417768e-04 1.136628253500088204e-04
2.582618760682677613e-04 1.379529465976959220e-04
2.833096101839323875e-04 1.677573340433164860e-04
3.107866187782013824e-04 2.044653492709804388e-04
3.409285069746810937e-04 2.498386923295233572e-04
3.739937302478797796e-04 3.061032335516435804e-04
4.102658105827194793e-04 3.760553742844614192e-04
4.500557675700497698e-04 4.631831217529595347e-04
4.937047852839003808e-04 5.717986189123480103e-04
5.415871378079470779e-04 7.071786670763774646e-04
5.941133984965033281e-04 8.757058389464905711e-04
6.517339604882426947e-04 1.085002151009920772e-03
7.149428986597577062e-04 1.344044831087340842e-03
7.842822061337681189e-04 1.663252170887068214e-03
8.603464416684500826e-04 2.054530361788584926e-03
9.437878277775381061e-04 2.531276674785557131e-03
1.035321843295662538e-03 3.108326836371520449e-03
1.135733358343105071e-03 3.801879202421844239e-03
1.245883364295008152e-03 4.629386348519703639e-03
1.366716356462007289e-03 5.609468312529883316e-03
1.499268432786045498e-03 6.761887934304334699e-03
1.644676177994664444e-03 8.107630402682053719e-03
1.804186409392071833e-03 9.669156459258922490e-03
1.979166867853557332e-03 1.147086340022133132e-02
2.171117945694505096e-03 1.353976986269608308e-02
2.381685551976158062e-03 1.590643351035695915e-02
2.612675225563328932e-03 1.860601802313253603e-02
2.866067616948250220e-03 2.167944179998435722e-02
3.144035471591500111e-03 2.517444879268530833e-02
3.448962260405759751e-03 2.914641594927653429e-02
3.783462617131928916e-03 3.365875832016744507e-02
4.150404757850476717e-03 3.878271526118129420e-02
4.552935074866947852e-03 4.459641345420005398e-02
4.994505115855140363e-03 5.118315956514001008e-02
5.478901179593945181e-03 5.862890331238963804e-02
6.010276782070381706e-03 6.701912246913160898e-02
6.593188271333548338e-03 7.643509341185827921e-02
7.232633896483533706e-03 8.694998390433811286e-02
7.934096665797491649e-03 9.862497548938960190e-02
8.703591361485166558e-03 1.115057321426694420e-01
9.547716114208055702e-03 1.256196764927501042e-01
1.047370897959448710e-02 1.409733091377438630e-01
1.148951000187308641e-02 1.575524891889372170e-01
1.260382929679727468e-02 1.753221018272633214e-01
1.382622173764656327e-02 1.942273424330214493e-01
1.516716888470924160e-02 2.141965165641794844e-01
1.663816886076127308e-02 2.351441555235553316e-01
1.825183494319042310e-02 2.569746570964940302e-01
2.002200371815584384e-02 2.795860071348885145e-01
2.196385372416546911e-02 3.028731238681303672e-01
2.409403560239526884e-02 3.267306947335339440e-01
2.643081486974108163e-02 3.510551419542009555e-01
2.899422853882875281e-02 3.757456709743599022e-01
3.180625692794119413e-02 4.007045103642988271e-01
3.489101213406773511e-02 4.258362810981983215e-01
3.827494478516314802e-02 4.510470143862011505e-01
4.198707084443914495e-02 4.762428049399382579e-01
4.605922041145103785e-02 5.013285845843136190e-01
5.052631065335679711e-02 5.262071247360213810e-01
5.542664520663106997e-02 5.507791226079948865e-01
6.080224261649427170e-02 5.749435031662213369e-01
6.669919663030128565e-02 5.985987984312205468e-01
7.316807143427192517e-02 6.216451646983015555e-01
8.026433522257174491e-02 6.439869044419606059e-01
8.804883581643464796e-02 6.655352044930005206e-01
9.658832241158708809e-02 6.862107974231798080e-01
1.059560179277617004e-01 7.059462460615910651e-01
1.162322468679851811e-01 7.246876420039631839e-01
1.275051240713012957e-01 7.423956315072655077e-01
1.398713102647238526e-01 7.590456369917087942e-01
1.534368408930013306e-01 7.746273579774647366e-01
1.683180353330958334e-01 7.891439002176355855e-01
1.846424942895542598e-01 8.026102748176578983e-01
2.025501939230666404e-01 8.150516658486925969e-01
2.221946860939523760e-01 8.265015668996473774e-01
2.437444150122221598e-01 8.369999212421233015e-01
2.673841615839949171e-01 8.465912618199200601e-01
2.933166278390042514e-01 8.553231415311387531e-01
3.217641750250735400e-01 8.632448400534272759e-01
3.529707302730650254e-01 8.704064407231685285e-01
3.872038781812557340e-01 8.768582958935231542e-01
4.247571552536902884e-01 8.826456198459952107e-01
4.659525668664677434e-01 8.878336196680594039e-01
5.111433483440165348e-01 8.924569682247769364e-01
5.607169938205458504e-01 8.965699249643407365e-01
6.150985788580504154e-01 9.002208134971914077e-01
6.747544053110700046e-01 9.034564897635545266e-01
7.401959996915636886e-01 9.063217432092319781e-01
8.119844993184008874e-01 9.088586396368230069e-01
8.907354638610439634e-01 9.111059904453735481e-01
9.771241535346502083e-01 9.130989593870589838e-01
1.071891319205128701e+00 9.148689417885460529e-01
1.175849554052158075e+00 9.164436112055741601e-01
1.289890261253308079e+00 9.178472367345723582e-01
1.414991297434575968e+00 9.191009628184347857e-01
1.552225357427047925e+00 9.202236159452876763e-01
1.702769172225901295e+00 9.212319653259687380e-01
1.867913599020784687e+00 9.221415101405543435e-01
2.049074689815846284e+00 9.229669195404416326e-01
2.247805833548725207e+00 9.237225377548478056e-01
2.465811075822603726e+00 9.244226761985167018e-01
2.704959730463137202e+00 9.250818775782692072e-01
2.967302408188872587e+00 9.257148530341166026e-01
3.255088599835056495e+00 9.263361795754465611e-01
3.570785964900462517e+00 9.269600947867098206e-01
3.917101490809260511e+00 9.276000343568218121e-01
4.297004704320843693e+00 9.282682405106593704e-01
4.713753134116728916e+00 9.289754849999161124e-01
5.170920242896755781e+00 9.297309966042544005e-01
5.672426068491977169e+00 9.305426202972088001e-01
6.222570836730231036e+00 9.314171277384394321e-01
6.826071834272393168e+00 9.323609232820141424e-01
7.488103857590030721e+00 9.333804189466009538e-01
8.214343584919422625e+00 9.344827063163076986e-01
9.011018251665019463e+00 9.356757214474121787e-01
9.884959046625585444e+00 9.369758462164128332e-01
1.084365968689610860e+01 9.383897718812557187e-01
1.189534067370320791e+01 9.399278763385962021e-01
1.304901978014401642e+01 9.416006020213734118e-01
1.431458937523478525e+01 9.434169841792294786e-01
1.570290124729377546e+01 9.453839673891102358e-01
1.722585965398787522e+01 9.475067263924344951e-01
1.889652339691211580e+01 9.497899572421734105e-01
2.072921779595369784e+01 9.522405503963140561e-01
2.273965752357927528e+01 9.548712350547473582e-01
2.494508135230316626e+01 9.577034631066169146e-01
2.736439997074672092e+01 9.607664653537953958e-01
3.001835813575592127e+01 9.640866193059633993e-01
3.292971255097148031e+01 9.676653321119021989e-01
3.612342699709430605e+01 9.714532369769731668e-01
3.962688638701478538e+01 9.753424030503748954e-01
4.347013158125026422e+01 9.791875854882532426e-01
4.768611697714474218e+01 9.828454598850037138e-01
5.231099308056258224e+01 9.862057036762615914e-01
5.738441648302392650e+01 9.892022850076509499e-01
6.294988990221887804e+01 9.918115331269048429e-01
6.905513520162330110e+01 9.940423877990977042e-01
7.575250258771920642e+01 9.959265753251499431e-01
8.309941949353404311e+01 9.975109590356734390e-01
9.115888299750818646e+01 9.988500576695809041e-01
1.000000000000000000e+02 1.000000000000000000e+00
