9.999999999999999547e-07 4.588848767265894524e-01
1.096985797892384023e-06 5.002904278465322152e-01
1.203377840777590506e-06 5.404948270294074320e-01
1.320088400831416760e-06 5.789056200089839344e-01
1.448118227674533100e-06 6.150330530389914729e-01
1.588565129428052708e-06 6.485122470321443844e-01
1.742633386009650705e-06 6.791154244679165064e-01
1.911644075385703595e-06 7.067532655133538233e-01
2.097046401323230812e-06 7.314655664819913472e-01
2.300430119772916844e-06 7.534024736457374249e-01
2.523539170434765982e-06 7.728018076839755501e-01
2.768286630392066801e-06 7.899595638331093905e-01
3.036771118035460538e-06 8.052018452323195241e-01
3.331294787934669962e-06 8.188580651501218277e-01
3.654383070957254277e-06 8.312394097890917211e-01
4.008806328898464506e-06 8.426234065566412523e-01
4.397603609302721006e-06 8.532458696742336590e-01
4.824108704165373363e-06 8.632990876098810551e-01
5.291978735958436362e-06 8.729347763678375616e-01
5.805225516094895368e-06 8.822699964285803942e-01
6.368249944718586522e-06 8.913935348410115811e-01
6.985879746785248997e-06 9.003709728052536887e-01
7.663410868007462581e-06 9.092479057440068235e-01
8.406652885618315837e-06 9.180505301670894847e-01
9.221978823334321272e-06 9.267848590549986332e-01
1.011637979766207114e-05 9.354351245287176875e-01
1.109752496412072123e-05 9.439628273112583567e-01
1.217382727739661976e-05 9.523072121292563974e-01
1.335451562929897430e-05 9.603879664527417148e-01
1.464971398307284918e-05 9.681099152564358601e-01
1.607052818261638468e-05 9.753699597823412004e-01
1.762914118095948102e-05 9.820651772350512676e-01
1.933891750455232097e-05 9.881015708367931749e-01
2.121451784910627868e-05 9.934019951672974358e-01
2.327202478960407187e-05 9.979136138639528308e-01
2.552908068239516468e-05 1.001612353539044875e+00
2.800503894183631128e-05 1.004505304470468596e+00
3.072112998861759335e-05 1.006630147860742230e+00
3.370064329271925001e-05 1.008051769677682508e+00
3.696912707195031789e-05 1.008856574278938822e+00
4.055460735840827523e-05 1.009145190566164585e+00
4.448782831127585431e-05 1.009024484348435724e+00
4.880251583654433487e-05 1.008599863995559565e+00
5.353566677410718833e-05 1.007968740610707625e+00
5.872786613189488590e-05 1.007215468278749970e+00
6.442363508721369713e-05 1.006409125142556205e+00
7.067181273927491600e-05 1.005602193344620199e+00
7.752597488629464379e-05 1.004831689244245263e+00
8.504489341802668747e-05 1.004121161307662602e+00
9.329304026284696006e-05 1.003483288756204406e+00
1.023411402105452698e-04 1.002923936606217259e+00
1.122667773510813578e-04 1.002437830481604397e+00
1.231550603292826216e-04 1.002024280229014908e+00
1.350993521198026509e-04 1.001675177666525585e+00
1.482020705798858503e-04 1.001382777488334153e+00
1.625755666443795110e-04 1.001139422250513888e+00
1.783430876931909215e-04 1.000937812511028202e+00
1.956398343517064872e-04 1.000771328163709173e+00
2.146141197858403608e-04 1.000634149198407874e+00
2.354286414322417768e-04 1.000521272630652714e+00
2.582618760682677613e-04 1.000428466773990666e+00
2.833096101839323875e-04 1.000352191584074513e+00
3.107866187782013824e-04 1.000289512164289629e+00
3.409285069746810937e-04 1.000238004018220384e+00
3.739937302478797796e-04 1.000195673888828019e+00
4.102658105827194793e-04 1.000160878853134649e+00
4.500557675700497698e-04 1.000132281919550836e+00
4.937047852839003808e-04 1.000108772873166796e+00
5.415871378079470779e-04 1.000089446262529380e+00
5.941133984965033281e-04 1.000073604787533599e+00
6.517339604882426947e-04 1.000060530729800723e+00
7.149428986597577062e-04 1.000049780188518866e+00
7.842822061337681189e-04 1.000040939849323518e+00
8.603464416684500826e-04 1.000033670029106148e+00
9.437878277775381061e-04 1.000027691525731122e+00
1.035321843295662538e-03 1.000022774841236251e+00
1.135733358343105071e-03 1.000018731305849284e+00
1.245883364295008152e-03 1.000015405800028567e+00
1.366716356462007289e-03 1.000012670783712920e+00
1.499268432786045498e-03 1.000010421376994696e+00
1.644676177994664444e-03 1.000008571338942609e+00
1.804186409392071833e-03 1.000007049754025878e+00
1.979166867853557332e-03 1.000005798300525051e+00
2.171117945694505096e-03 1.000004769015314654e+00
2.381685551976158062e-03 1.000003922452278315e+00
2.612675225563328932e-03 1.000003226171298110e+00
2.866067616948250220e-03 1.000002653492984894e+00
3.144035471591500111e-03 1.000002182474371892e+00
3.448962260405759751e-03 1.000001795067805288e+00
3.783462617131928916e-03 1.000001476430470992e+00
4.150404757850476717e-03 1.000001214354741874e+00
4.552935074866947852e-03 1.000000998800025576e+00
4.994505115855140363e-03 1.000000821508138404e+00
5.478901179593945181e-03 1.000000675687047424e+00
6.010276782070381706e-03 1.000000555750364839e+00
6.593188271333548338e-03 1.000000457103047635e+00
7.232633896483533706e-03 1.000000375966171973e+00
7.934096665797491649e-03 1.000000309231527051e+00
8.703591361485166558e-03 1.000000254342558792e+00
9.547716114208055702e-03 1.000000209196625578e+00
1.047370897959448710e-02 1.000000172064247073e+00
1.148951000187308641e-02 1.000000141522975339e+00
1.260382929679727468e-02 1.000000116402878891e+00
1.382622173764656327e-02 1.000000095741651052e+00
1.516716888470924160e-02 1.000000078747812271e+00
1.663816886076127308e-02 1.000000064770391273e+00
1.825183494319042310e-02 1.000000053273958356e+00
2.002200371815584384e-02 1.000000043818130901e+00
2.196385372416546911e-02 1.000000036040697093e+00
2.409403560239526884e-02 1.000000029643744348e+00
2.643081486974108163e-02 1.000000024382234898e+00
2.899422853882875281e-02 1.000000020054626182e+00
3.180625692794119413e-02 1.000000016495153021e+00
3.489101213406773511e-02 1.000000013567466484e+00
3.827494478516314802e-02 1.000000011159426272e+00
4.198707084443914495e-02 1.000000009178796390e+00
4.605922041145103785e-02 1.000000007549713077e+00
5.052631065335679711e-02 1.000000006209777803e+00
5.542664520663106997e-02 1.000000005107667622e+00
6.080224261649427170e-02 1.000000004201168746e+00
6.669919663030128565e-02 1.000000003455562947e+00
7.316807143427192517e-02 1.000000002842291069e+00
8.026433522257174491e-02 1.000000002337865457e+00
8.804883581643464796e-02 1.000000001922966675e+00
9.658832241158708809e-02 1.000000001581704323e+00
1.059560179277617004e-01 1.000000001301009078e+00
1.162322468679851811e-01 1.000000001070130429e+00
1.275051240713012957e-01 1.000000000880227446e+00
1.398713102647238526e-01 1.000000000724027061e+00
1.534368408930013306e-01 1.000000000595547833e+00
1.683180353330958334e-01 1.000000000489869256e+00
1.846424942895542598e-01 1.000000000402945455e+00
2.025501939230666404e-01 1.000000000331447314e+00
2.221946860939523760e-01 1.000000000272637024e+00
2.437444150122221598e-01 1.000000000224263275e+00
2.673841615839949171e-01 1.000000000184473103e+00
2.933166278390042514e-01 1.000000000151744839e+00
3.217641750250735400e-01 1.000000000124823041e+00
3.529707302730650254e-01 1.000000000102678754e+00
3.872038781812557340e-01 1.000000000084463325e+00
4.247571552536902884e-01 1.000000000069480199e+00
4.659525668664677434e-01 1.000000000057155614e+00
5.111433483440165348e-01 1.000000000047017501e+00
5.607169938205458504e-01 1.000000000038678172e+00
6.150985788580504154e-01 1.000000000031817882e+00
6.747544053110700046e-01 1.000000000026174840e+00
7.401959996915636886e-01 1.000000000021533442e+00
8.119844993184008874e-01 1.000000000017714719e+00
8.907354638610439634e-01 1.000000000014573676e+00
9.771241535346502083e-01 1.000000000011989743e+00
1.071891319205128701e+00 1.000000000009864110e+00
1.175849554052158075e+00 1.000000000008115286e+00
1.289890261253308079e+00 1.000000000006676881e+00
1.414991297434575968e+00 1.000000000005493384e+00
1.552225357427047925e+00 1.000000000004519940e+00
1.702769172225901295e+00 1.000000000003719025e+00
1.867913599020784687e+00 1.000000000003059997e+00
2.049074689815846284e+00 1.000000000002517986e+00
2.247805833548725207e+00 1.000000000002071898e+00
2.465811075822603726e+00 1.000000000001705081e+00
2.704959730463137202e+00 1.000000000001403322e+00
2.967302408188872587e+00 1.000000000001155076e+00
3.255088599835056495e+00 1.000000000000950129e+00
3.570785964900462517e+00 1.000000000000781819e+00
3.917101490809260511e+00 1.000000000000643929e+00
4.297004704320843693e+00 1.000000000000529798e+00
4.713753134116728916e+00 1.000000000000435874e+00
5.170920242896755781e+00 1.000000000000359268e+00
5.672426068491977169e+00 1.000000000000295541e+00
6.222570836730231036e+00 1.000000000000242917e+00
6.826071834272393168e+00 1.000000000000200506e+00
7.488103857590030721e+00 1.000000000000164979e+00
8.214343584919422625e+00 1.000000000000135891e+00
9.011018251665019463e+00 1.000000000000111688e+00
9.884959046625585444e+00 1.000000000000092371e+00
1.084365968689610860e+01 1.000000000000075939e+00
1.189534067370320791e+01 1.000000000000062617e+00
1.304901978014401642e+01 1.000000000000051292e+00
1.431458937523478525e+01 1.000000000000042188e+00
1.570290124729377546e+01 1.000000000000034861e+00
1.722585965398787522e+01 1.000000000000028422e+00
1.889652339691211580e+01 1.000000000000023981e+00
2.072921779595369784e+01 1.000000000000019540e+00
2.273965752357927528e+01 1.000000000000015987e+00
2.494508135230316626e+01 1.000000000000012879e+00
2.736439997074672092e+01 1.000000000000010658e+00
3.001835813575592127e+01 1.000000000000008438e+00
3.292971255097148031e+01 1.000000000000006883e+00
3.612342699709430605e+01 1.000000000000005329e+00
3.962688638701478538e+01 1.000000000000004219e+00
4.347013158125026422e+01 1.000000000000003553e+00
4.768611697714474218e+01 1.000000000000002665e+00
5.231099308056258224e+01 1.000000000000001776e+00
5.738441648302392650e+01 1.000000000000001776e+00
6.294988990221887804e+01 1.000000000000001110e+00
6.905513520162330110e+01 1.000000000000000666e+00
7.575250258771920642e+01 1.000000000000000666e+00
8.309941949353404311e+01 1.000000000000000222e+00
9.115888299750818646e+01 1.000000000000000222e+00
1.000000000000000000e+02 1.000000000000000000e+00
