9.999999999999999547e-07 1.194904159889373547e-02
1.096985797892384023e-06 1.389065715326466555e-02
1.203377840777590506e-06 1.611414883055262842e-02
1.320088400831416760e-06 1.865707206936497581e-02
1.448118227674533100e-06 2.156014177474719490e-02
1.588565129428052708e-06 2.486662735935175200e-02
1.742633386009650705e-06 2.862153676015986165e-02
1.911644075385703595e-06 3.287060081622363017e-02
2.097046401323230812e-06 3.765906901818508179e-02
2.300430119772916844e-06 4.303042261758453779e-02
2.523539170434765982e-06 4.902496646492130600e-02
2.768286630392066801e-06 5.567837228937071170e-02
3.036771118035460538e-06 6.302037106994423654e-02
3.331294787934669962e-06 7.107352994315184469e-02
3.654383070957254277e-06 7.985184766032522863e-02
4.008806328898464506e-06 8.936036764133833965e-02
4.397603609302721006e-06 9.959430957165273102e-02
4.824108704165373363e-06 1.105386633303848537e-01
5.291978735958436362e-06 1.221682708441871046e-01
5.805225516094895368e-06 1.344480328773475786e-01
6.368249944718586522e-06 1.473333849523868477e-01
6.985879746785248997e-06 1.607710490574853768e-01
7.663410868007462581e-06 1.747000462200250237e-01
8.406652885618315837e-06 1.890528997860943528e-01
9.221978823334321272e-06 2.037570747406962646e-01
1.011637979766207114e-05 2.187366088909587503e-01
1.109752496412072123e-05 2.339138547537469581e-01
1.217382727739661976e-05 2.492112768178721405e-01
1.335451562929897430e-05 2.645531959511147613e-01
1.464971398307284918e-05 2.798674526035717092e-01
1.607052818261638468e-05 2.950868392977445964e-01
1.762914118095948102e-05 3.101503262871819211e-01
1.933891750455232097e-05 3.250040748210732411e-01
2.121451784910627868e-05 3.396021608007405157e-01
2.327202478960407187e-05 3.539070720901342226e-01
2.552908068239516468e-05 3.678899451340649218e-01
2.800503894183631128e-05 3.815305269280244160e-01
3.072112998861759335e-05 3.948168741537610993e-01
3.370064329271925001e-05 4.077448339474983863e-01
3.696912707195031789e-05 4.203173723035679155e-01
4.055460735840827523e-05 4.325438556522242517e-01
4.448782831127585431e-05 4.444393706851781367e-01
4.880251583654433487e-05 4.560241151043420982e-01
5.353566677410718833e-05 4.673228223602932663e-01
5.872786613189488590e-05 4.783641605651264284e-01
6.442363508721369713e-05 4.891800281271089790e-01
7.067181273927491600e-05 4.998046932032615408e-01
7.752597488629464379e-05 5.102737654544483581e-01
8.504489341802668747e-05 5.206230275556110731e-01
9.329304026284696006e-05 5.308871626657571952e-01
1.023411402105452698e-04 5.410984458067596981e-01
1.122667773510813578e-04 5.512854998188351230e-01
1.231550603292826216e-04 5.614721831600431035e-01
1.350993521198026509e-04 5.716767208874342643e-01
1.482020705798858503e-04 5.819110531754181359e-01
1.625755666443795110e-04 5.921805869126065547e-01
1.783430876931909215e-04 6.024841809181418206e-01
1.956398343517064872e-04 6.128145659883444951e-01
2.146141197858403608e-04 6.231590949042583594e-01
2.354286414322417768e-04 6.335008041488483510e-01
2.582618760682677613e-04 6.438196762708381371e-01
2.833096101839323875e-04 6.540939487923563833e-01
3.107866187782013824e-04 6.643013040657776980e-01
3.409285069746810937e-04 6.744198134216359275e-01
3.739937302478797796e-04 6.844285509284910862e-01
4.102658105827194793e-04 6.943078610535021733e-01
4.500557675700497698e-04 7.040392934947187209e-01
4.937047852839003808e-04 7.136053503585559898e-01
5.415871378079470779e-04 7.229891259802926351e-01
5.941133984965033281e-04 7.321740192903463118e-01
6.517339604882426947e-04 7.411435448250471847e-01
7.149428986597577062e-04 7.498813189076207752e-01
7.842822061337681189e-04 7.583711962236228121e-01
8.603464416684500826e-04 7.665975558854751792e-01
9.437878277775381061e-04 7.745456344077481514e-01
1.035321843295662538e-03 7.822020383326988568e-01
1.135733358343105071e-03 7.895551688139975655e-01
1.245883364295008152e-03 7.965957006340790292e-01
1.366716356462007289e-03 8.033169209727729632e-01
1.499268432786045498e-03 8.097149685729793100e-01
1.644676177994664444e-03 8.157888145689765613e-01
1.804186409392071833e-03 8.215400176174343372e-01
1.979166867853557332e-03 8.269722366025840099e-01
2.171117945694505096e-03 8.320905765340005367e-01
2.381685551976158062e-03 8.369008691525683385e-01
2.612675225563328932e-03 8.414089832734958918e-01
2.866067616948250220e-03 8.456203757033662338e-01
3.144035471591500111e-03 8.495397789333938299e-01
3.448962260405759751e-03 8.531711841609574964e-01
3.783462617131928916e-03 8.565181508472266003e-01
4.150404757850476717e-03 8.595842735159326953e-01
4.552935074866947852e-03 8.623739321581214146e-01
4.994505115855140363e-03 8.648930854304236471e-01
5.478901179593945181e-03 8.671501940102149808e-01
6.010276782070381706e-03 8.691570124247910423e-01
6.593188271333548338e-03 8.709291199094740810e-01
7.232633896483533706e-03 8.724862388682204095e-01
7.934096665797491649e-03 8.738521283620898084e-01
8.703591361485166558e-03 8.750540819286738436e-01
9.547716114208055702e-03 8.761220434303229609e-01
1.047370897959448710e-02 8.770874065647217277e-01
1.148951000187308641e-02 8.779815585055444904e-01
1.260382929679727468e-02 8.788347210928625364e-01
1.382622173764656327e-02 8.796741615968650674e-01
1.516716888470924160e-02 8.805234676327214904e-01
1.663816886076127308e-02 8.814017284722394097e-01
1.825183494319042310e-02 8.823231812878322700e-01
2.002200371815584384e-02 8.832972857968202085e-01
2.196385372416546911e-02 8.843291000214765774e-01
2.409403560239526884e-02 8.854199563151409214e-01
2.643081486974108163e-02 8.865682846775111425e-01
2.899422853882875281e-02 8.877705025258636473e-01
3.180625692794119413e-02 8.890219280480017305e-01
3.489101213406773511e-02 8.903176137363640885e-01
3.827494478516314802e-02 8.916527901249601262e-01
4.198707084443914495e-02 8.930236216459011001e-01
4.605922041145103785e-02 8.944271992308168162e-01
5.052631065335679711e-02 8.958615748975877757e-01
5.542664520663106997e-02 8.973255771764626632e-01
6.080224261649427170e-02 8.988185264197937618e-01
6.669919663030128565e-02 9.003399155992638514e-01
7.316807143427192517e-02 9.018891944859240839e-01
8.026433522257174491e-02 9.034655971621626813e-01
8.804883581643464796e-02 9.050681155641961961e-01
9.658832241158708809e-02 9.066955576705642006e-01
1.059560179277617004e-01 9.083467115463718100e-01
1.162322468679851811e-01 9.100204890205640940e-01
1.275051240713012957e-01 9.117161435132311587e-01
1.398713102647238526e-01 9.134334303018918355e-01
1.534368408930013306e-01 9.151727335093268190e-01
1.683180353330958334e-01 9.169351266178308313e-01
1.846424942895542598e-01 9.187223446706000995e-01
2.025501939230666404e-01 9.205366646158079647e-01
2.221946860939523760e-01 9.223806962710059398e-01
2.437444150122221598e-01 9.242571004315920380e-01
2.673841615839949171e-01 9.261682713186566440e-01
2.933166278390042514e-01 9.281159830096162855e-01
3.217641750250735400e-01 9.301011064726036892e-01
3.529707302730650254e-01 9.321233198601331926e-01
3.872038781812557340e-01 9.341809028132479487e-01
4.247571552536902884e-01 9.362705812463610888e-01
4.659525668664677434e-01 9.383874665720052244e-01
5.111433483440165348e-01 9.405250546866419370e-01
5.607169938205458504e-01 9.426753185192933149e-01
6.150985788580504154e-01 9.448289049677066620e-01
6.747544053110700046e-01 9.469754016720539624e-01
7.401959996915636886e-01 9.491037054654175575e-01
8.119844993184008874e-01 9.512024096723026290e-01
8.907354638610439634e-01 9.532602285631966987e-01
9.771241535346502083e-01 9.552663706423004664e-01
1.071891319205128701e+00 9.572108722947947346e-01
1.175849554052158075e+00 9.590848449736921744e-01
1.289890261253308079e+00 9.608806896605910364e-01
1.414991297434575968e+00 9.625922483004871744e-01
1.552225357427047925e+00 9.642149145220079154e-01
1.702769172225901295e+00 9.657457370394217921e-01
1.867913599020784687e+00 9.671834021419031258e-01
2.049074689815846284e+00 9.685284407450809319e-01
2.247805833548725207e+00 9.697820799305227890e-01
2.465811075822603726e+00 9.709482027162726903e-01
2.704959730463137202e+00 9.720310720524207859e-01
2.967302408188872587e+00 9.730362284655327265e-01
3.255088599835056495e+00 9.739694026590459686e-01
3.570785964900462517e+00 9.748399256545656755e-01
3.917101490809260511e+00 9.756535059544965138e-01
4.297004704320843693e+00 9.764191832085628020e-01
4.713753134116728916e+00 9.771455935007592464e-01
5.170920242896755781e+00 9.778417272291716200e-01
5.672426068491977169e+00 9.785164350472099759e-01
6.222570836730231036e+00 9.791784520259905200e-01
6.826071834272393168e+00 9.798361125663948012e-01
7.488103857590030721e+00 9.804970386816648231e-01
8.214343584919422625e+00 9.811677700211196562e-01
9.011018251665019463e+00 9.818533210714887050e-01
9.884959046625585444e+00 9.825588709688597433e-01
1.084365968689610860e+01 9.832845719991234468e-01
1.189534067370320791e+01 9.840284954240745563e-01
1.304901978014401642e+01 9.847867992779594237e-01
1.431458937523478525e+01 9.855533931084040633e-01
1.570290124729377546e+01 9.863208836018860781e-01
1.722585965398787522e+01 9.870816190654821964e-01
1.889652339691211580e+01 9.878296357927096594e-01
2.072921779595369784e+01 9.885620724722363750e-01
2.273965752357927528e+01 9.892815060393742588e-01
2.494508135230316626e+01 9.899971628865475992e-01
2.736439997074672092e+01 9.907246199128775244e-01
3.001835813575592127e+01 9.914822944589801734e-01
3.292971255097148031e+01 9.922840584194994040e-01
3.612342699709430605e+01 9.931301930247388166e-01
3.962688638701478538e+01 9.940036642120992916e-01
4.347013158125026422e+01 9.948751173625973721e-01
4.768611697714474218e+01 9.957132618542029467e-01
5.231099308056258224e+01 9.964936534664584622e-01
5.738441648302392650e+01 9.972018324161598946e-01
6.294988990221887804e+01 9.978325622865302780e-01
6.905513520162330110e+01 9.983873232462914249e-01
7.575250258771920642e+01 9.988720347352262330e-01
8.309941949353404311e+01 9.992954853126798653e-01
9.115888299750818646e+01 9.996678866578851963e-01
1.000000000000000000e+02 1.000000000000000000e+00
