9.999999999999999547e-07 1.497248726582131075e-02
1.096985797892384023e-06 1.730370270983901462e-02
1.203377840777590506e-06 1.978428177081240427e-02
1.320088400831416760e-06 2.237664268516895497e-02
1.448118227674533100e-06 2.503537770056228282e-02
1.588565129428052708e-06 2.770983334678339335e-02
1.742633386009650705e-06 3.034718633811162372e-02
1.911644075385703595e-06 3.289604734222510013e-02
2.097046401323230812e-06 3.531013930493773906e-02
2.300430119772916844e-06 3.755172107917833374e-02
2.523539170434765982e-06 3.959433577157211309e-02
2.768286630392066801e-06 4.142443503266315941e-02
3.036771118035460538e-06 4.304193779220392285e-02
3.331294787934669962e-06 4.445962417787207438e-02
3.654383070957254277e-06 4.570139204043319192e-02
4.008806328898464506e-06 4.679976517966066146e-02
4.397603609302721006e-06 4.779297442728814432e-02
4.824108704165373363e-06 4.872164440817960268e-02
5.291978735958436362e-06 4.962575199034757745e-02
5.805225516094895368e-06 5.054191723823726196e-02
6.368249944718586522e-06 5.150104510026064925e-02
6.985879746785248997e-06 5.252722612618042353e-02
7.663410868007462581e-06 5.363699943408807569e-02
8.406652885618315837e-06 5.483960570804600337e-02
9.221978823334321272e-06 5.613786008313386561e-02
1.011637979766207114e-05 5.752932139315716786e-02
1.109752496412072123e-05 5.900760942015451094e-02
1.217382727739661976e-05 6.056348315116591441e-02
1.335451562929897430e-05 6.218551159303931097e-02
1.464971398307284918e-05 6.386030420174175493e-02
1.607052818261638468e-05 6.557241251184324493e-02
1.762914118095948102e-05 6.730405560003847876e-02
1.933891750455232097e-05 6.903491929012448014e-02
2.121451784910627868e-05 7.074223136450774607e-02
2.327202478960407187e-05 7.240123823791065616e-02
2.552908068239516468e-05 7.398610262588072028e-02
2.800503894183631128e-05 7.547117091238096653e-02
3.072112998861759335e-05 7.683246826439002475e-02
3.370064329271925001e-05 7.804920358664482749e-02
3.696912707195031789e-05 7.910515206588430992e-02
4.055460735840827523e-05 7.998978610446007276e-02
4.448782831127585431e-05 8.069888244254028176e-02
4.880251583654433487e-05 8.123487056907661985e-02
5.353566677410718833e-05 8.160647037700982653e-02
5.872786613189488590e-05 8.182805229390838209e-02
6.442363508721369713e-05 8.191852205667665698e-02
7.067181273927491600e-05 8.189999905591155427e-02
7.752597488629464379e-05 8.179627911685036223e-02
8.504489341802668747e-05 8.163135214191200029e-02
9.329304026284696006e-05 8.142800619801356110e-02
1.023411402105452698e-04 8.120682438297532890e-02
1.122667773510813578e-04 8.098540490521302648e-02
1.231550603292826216e-04 8.077805029733856057e-02
1.350993521198026509e-04 8.059576027674340837e-02
1.482020705798858503e-04 8.044648271996607258e-02
1.625755666443795110e-04 8.033551305331194936e-02
1.783430876931909215e-04 8.026593795935670073e-02
1.956398343517064872e-04 8.023905652711421643e-02
2.146141197858403608e-04 8.025473108160301183e-02
2.354286414322417768e-04 8.031167942302162854e-02
2.582618760682677613e-04 8.040772091161381419e-02
2.833096101839323875e-04 8.053999870570176245e-02
3.107866187782013824e-04 8.070519439206877421e-02
3.409285069746810937e-04 8.089973918574866474e-02
3.739937302478797796e-04 8.111999782964922356e-02
4.102658105827194793e-04 8.136253775333637805e-02
4.500557675700497698e-04 8.162430402258684381e-02
4.937047852839003808e-04 8.190287613319729987e-02
5.415871378079470779e-04 8.219669867373882721e-02
5.941133984965033281e-04 8.250528447354320283e-02
6.517339604882426947e-04 8.282940295733444425e-02
7.149428986597577062e-04 8.317122690038199206e-02
7.842822061337681189e-04 8.353445811000446974e-02
8.603464416684500826e-04 8.392442901631300134e-02
9.437878277775381061e-04 8.434818757560769154e-02
1.035321843295662538e-03 8.481462120228008827e-02
1.135733358343105071e-03 8.533447602773429341e-02
1.245883364295008152e-03 8.592045088646715900e-02
1.366716356462007289e-03 8.658719501683229125e-02
1.499268432786045498e-03 8.735123706476870253e-02
1.644676177994664444e-03 8.823081578025199212e-02
1.804186409392071833e-03 8.924560354203046886e-02
1.979166867853557332e-03 9.041632807441049580e-02
2.171117945694505096e-03 9.176433511290539580e-02
2.381685551976158062e-03 9.331114121144669371e-02
2.612675225563328932e-03 9.507803997970280807e-02
2.866067616948250220e-03 9.708589985361029684e-02
3.144035471591500111e-03 9.935523530795185854e-02
3.448962260405759751e-03 1.019066068603591974e-01
3.783462617131928916e-03 1.047615884043337636e-01
4.150404757850476717e-03 1.079439259169609616e-01
4.552935074866947852e-03 1.114816787378559854e-01
4.994505115855140363e-03 1.154092740931414590e-01
5.478901179593945181e-03 1.197698156865698582e-01
6.010276782070381706e-03 1.246176400144072827e-01
6.593188271333548338e-03 1.300202698282447167e-01
7.232633896483533706e-03 1.360598707697243115e-01
7.934096665797491649e-03 1.428336952177759744e-01
8.703591361485166558e-03 1.504536160071512918e-01
9.547716114208055702e-03 1.590440367591542392e-01
1.047370897959448710e-02 1.687383588560502079e-01
1.148951000187308641e-02 1.796743814250041094e-01
1.260382929679727468e-02 1.919878213818804746e-01
1.382622173764656327e-02 2.058053021771812374e-01
1.516716888470924160e-02 2.212364309383449412e-01
1.663816886076127308e-02 2.383659581147442585e-01
1.825183494319042310e-02 2.572465071832839012e-01
2.002200371815584384e-02 2.778929196787332523e-01
2.196385372416546911e-02 3.002772823365091326e-01
2.409403560239526884e-02 3.243296933918140001e-01
2.643081486974108163e-02 3.499392353662142963e-01
2.899422853882875281e-02 3.769585624211649888e-01
3.180625692794119413e-02 4.052120890737813674e-01
3.489101213406773511e-02 4.345050876147314445e-01
3.827494478516314802e-02 4.646333400583600448e-01
4.198707084443914495e-02 4.953923396638568177e-01
4.605922041145103785e-02 5.265839365836835206e-01
5.052631065335679711e-02 5.580206326328892574e-01
5.542664520663106997e-02 5.895265466082474370e-01
6.080224261649427170e-02 6.209355486668515223e-01
6.669919663030128565e-02 6.520874155322770038e-01
7.316807143427192517e-02 6.828226815130996608e-01
8.026433522257174491e-02 7.129777322093838743e-01
8.804883581643464796e-02 7.423809754378201120e-01
9.658832241158708809e-02 7.708509626239229418e-01
1.059560179277617004e-01 7.981971536234009346e-01
1.162322468679851811e-01 8.242243943986105048e-01
1.275051240713012957e-01 8.487392351874144536e-01
1.398713102647238526e-01 8.715594249113542968e-01
1.534368408930013306e-01 8.925244354866325169e-01
1.683180353330958334e-01 9.115056085829507104e-01
1.846424942895542598e-01 9.284147090892856946e-01
2.025501939230666404e-01 9.432099611816819884e-01
2.221946860939523760e-01 9.558979905825051304e-01
2.437444150122221598e-01 9.665324355412527879e-01
2.673841615839949171e-01 9.752093171421081230e-01
2.933166278390042514e-01 9.820600728254220702e-01
3.217641750250735400e-01 9.872431720716123849e-01
3.529707302730650254e-01 9.909350530620953945e-01
3.872038781812557340e-01 9.933210190036595444e-01
4.247571552536902884e-01 9.945867527815994702e-01
4.659525668664677434e-01 9.949110010511095226e-01
5.111433483440165348e-01 9.944599494676648055e-01
5.607169938205458504e-01 9.933834852212816147e-01
6.150985788580504154e-01 9.918138248377285082e-01
6.747544053110700046e-01 9.898656798064460194e-01
7.401959996915636886e-01 9.876383796745270560e-01
8.119844993184008874e-01 9.852175340564974793e-01
8.907354638610439634e-01 9.826782278362474754e-01
9.771241535346502083e-01 9.800860943624615240e-01
1.071891319205128701e+00 9.774981850383112070e-01
1.175849554052158075e+00 9.749627435752237226e-01
1.289890261253308079e+00 9.725185795906486907e-01
1.414991297434575968e+00 9.701946938425775047e-01
1.552225357427047925e+00 9.680103489921753068e-01
1.702769172225901295e+00 9.659760093934870451e-01
1.867913599020784687e+00 9.640948976097415413e-01
2.049074689815846284e+00 9.623648668845204979e-01
2.247805833548725207e+00 9.607803607082101571e-01
2.465811075822603726e+00 9.593341580040412042e-01
2.704959730463137202e+00 9.580189118016012584e-01
2.967302408188872587e+00 9.568291622242207639e-01
3.255088599835056495e+00 9.557576152194637853e-01
3.570785964900462517e+00 9.548049710321624417e-01
3.917101490809260511e+00 9.539708986414476843e-01
4.297004704320843693e+00 9.532585207598499588e-01
4.713753134116728916e+00 9.526728888649637073e-01
5.170920242896755781e+00 9.522200283555740663e-01
5.672426068491977169e+00 9.519056937289008813e-01
6.222570836730231036e+00 9.517340346041677224e-01
6.826071834272393168e+00 9.517063747704934684e-01
7.488103857590030721e+00 9.518202435724338883e-01
8.214343584919422625e+00 9.520689405323611298e-01
9.011018251665019463e+00 9.524414865281596310e-01
9.884959046625585444e+00 9.529302368553124181e-01
1.084365968689610860e+01 9.535161695594575049e-01
1.189534067370320791e+01 9.541841099981399621e-01
1.304901978014401642e+01 9.549226833896630184e-01
1.431458937523478525e+01 9.557262188342768860e-01
1.570290124729377546e+01 9.565971454801088791e-01
1.722585965398787522e+01 9.575480504517717151e-01
1.889652339691211580e+01 9.586032976617129275e-01
2.072921779595369784e+01 9.598001061471270745e-01
2.273965752357927528e+01 9.611888063434069762e-01
2.494508135230316626e+01 9.628308810562408171e-01
2.736439997074672092e+01 9.647923301433348753e-01
3.001835813575592127e+01 9.671283786002546901e-01
3.292971255097148031e+01 9.698587603583451733e-01
3.612342699709430605e+01 9.729425005133575111e-01
3.962688638701478538e+01 9.762723410789448941e-01
4.347013158125026422e+01 9.796983016362875718e-01
4.768611697714474218e+01 9.830663875482444913e-01
5.231099308056258224e+01 9.862503930801334029e-01
5.738441648302392650e+01 9.891634807898896931e-01
6.294988990221887804e+01 9.917565929988605422e-01
6.905513520162330110e+01 9.940118079061683876e-01
7.575250258771920642e+01 9.959347835893956891e-01
8.309941949353404311e+01 9.975490184502289193e-01
9.115888299750818646e+01 9.988900203579823556e-01
1.000000000000000000e+02 1.000000000000000000e+00
