9.999999999999999547e-07 3.000668341925832178e-02
1.096985797892384023e-06 3.467872236856724133e-02
1.203377840777590506e-06 3.965010414660462973e-02
1.320088400831416760e-06 4.484551033176997770e-02
1.448118227674533100e-06 5.017393826980554722e-02
1.588565129428052708e-06 5.553387225009848854e-02
1.742633386009650705e-06 6.081944798758574799e-02
1.911644075385703595e-06 6.592767501335218550e-02
2.097046401323230812e-06 7.076580848413005498e-02
2.300430119772916844e-06 7.525821055051991337e-02
2.523539170434765982e-06 7.935185837719985202e-02
2.768286630392066801e-06 8.301959941755870931e-02
3.036771118035460538e-06 8.626127118672825833e-02
3.331294787934669962e-06 8.910248660058725512e-02
3.654383070957254277e-06 9.159113983979769169e-02
4.008806328898464506e-06 9.379241253110023879e-02
4.397603609302721006e-06 9.578292388204637242e-02
4.824108704165373363e-06 9.764409054680131539e-02
5.291978735958436362e-06 9.945603098906309614e-02
5.805225516094895368e-06 1.012921362216964855e-01
6.368249944718586522e-06 1.032143434601445198e-01
6.985879746785248997e-06 1.052709330238019575e-01
7.663410868007462581e-06 1.074950512294224753e-01
8.406652885618315837e-06 1.099052174252801023e-01
9.221978823334321272e-06 1.125070733544710627e-01
1.011637979766207114e-05 1.152957264632250151e-01
1.109752496412072123e-05 1.182583898226890612e-01
1.217382727739661976e-05 1.213765430777006549e-01
1.335451562929897430e-05 1.246272768308903378e-01
1.464971398307284918e-05 1.279837544383861658e-01
1.607052818261638468e-05 1.314150148480920099e-01
1.762914118095948102e-05 1.348854223763318594e-01
1.933891750455232097e-05 1.383542642677735857e-01
2.121451784910627868e-05 1.417759014005975648e-01
2.327202478960407187e-05 1.451007235651612381e-01
2.552908068239516468e-05 1.482769484598148446e-01
2.800503894183631128e-05 1.512531616020468261e-01
3.072112998861759335e-05 1.539813126582961211e-01
3.370064329271925001e-05 1.564197314867292188e-01
3.696912707195031789e-05 1.585358988376548428e-01
4.055460735840827523e-05 1.603087127780752630e-01
4.448782831127585431e-05 1.617297053127700890e-01
4.880251583654433487e-05 1.628037405003151805e-01
5.353566677410718833e-05 1.635482880770210146e-01
5.872786613189488590e-05 1.639921408747645193e-01
6.442363508721369713e-05 1.641731795047683684e-01
7.067181273927491600e-05 1.641357232786010978e-01
7.752597488629464379e-05 1.639274490649704763e-01
8.504489341802668747e-05 1.635964199155161836e-01
9.329304026284696006e-05 1.631882870192734591e-01
1.023411402105452698e-04 1.627442783606548871e-01
1.122667773510813578e-04 1.622996348657141374e-01
1.231550603292826216e-04 1.618829862297884170e-01
1.350993521198026509e-04 1.615163350682501386e-01
1.482020705798858503e-04 1.612155576873163243e-01
1.625755666443795110e-04 1.609912018207252937e-01
1.783430876931909215e-04 1.608493719917888365e-01
1.956398343517064872e-04 1.607925687106303569e-01
2.146141197858403608e-04 1.608203848795543012e-01
2.354286414322417768e-04 1.609300814117162193e-01
2.582618760682677613e-04 1.611170711825700985e-01
2.833096101839323875e-04 1.613753431595230659e-01
3.107866187782013824e-04 1.616978752850810330e-01
3.409285069746810937e-04 1.620770281912690125e-01
3.739937302478797796e-04 1.625048752637993088e-01
4.102658105827194793e-04 1.629736953130676569e-01
4.500557675700497698e-04 1.634762620832064250e-01
4.937047852839003808e-04 1.640062849185243699e-01
5.415871378079470779e-04 1.645587676475223637e-01
5.941133984965033281e-04 1.651303139060105452e-01
6.517339604882426947e-04 1.657193615071681780e-01
7.149428986597577062e-04 1.663263227489477636e-01
7.842822061337681189e-04 1.669536550265819930e-01
8.603464416684500826e-04 1.676055176058780516e-01
9.437878277775381061e-04 1.682895420547715348e-01
1.035321843295662538e-03 1.690132374232914403e-01
1.135733358343105071e-03 1.697875292962603422e-01
1.245883364295008152e-03 1.706249418209909163e-01
1.366716356462007289e-03 1.715398559318588589e-01
1.499268432786045498e-03 1.725483805467961929e-01
1.644676177994664444e-03 1.736680360458634220e-01
1.804186409392071833e-03 1.749174153132413700e-01
1.979166867853557332e-03 1.763156872522072816e-01
2.171117945694505096e-03 1.778820480979510510e-01
2.381685551976158062e-03 1.796351993778918521e-01
2.612675225563328932e-03 1.815928959868692294e-01
2.866067616948250220e-03 1.837716946919152605e-01
3.144035471591500111e-03 1.861870274164661998e-01
3.448962260405759751e-03 1.888536546849203523e-01
3.783462617131928916e-03 1.917864678270330692e-01
4.150404757850476717e-03 1.950020919386587226e-01
4.552935074866947852e-03 1.985206419277290579e-01
4.994505115855140363e-03 2.023678657986843765e-01
5.478901179593945181e-03 2.065776224065878075e-01
6.010276782070381706e-03 2.111942601811137576e-01
6.593188271333548338e-03 2.162746307974356685e-01
7.232633896483533706e-03 2.218894824206374128e-01
7.934096665797491649e-03 2.281243898931726855e-01
8.703591361485166558e-03 2.350786035622999537e-01
9.547716114208055702e-03 2.428639098778629657e-01
1.047370897959448710e-02 2.516012256878106257e-01
1.148951000187308641e-02 2.614161986194150078e-01
1.260382929679727468e-02 2.724334619625555232e-01
1.382622173764656327e-02 2.847700943674197904e-01
1.516716888470924160e-02 2.985283235335603469e-01
1.663816886076127308e-02 3.137882526438192654e-01
1.825183494319042310e-02 3.306011940858317177e-01
2.002200371815584384e-02 3.489842245743666749e-01
2.196385372416546911e-02 3.689166632127534595e-01
2.409403560239526884e-02 3.903385062119307802e-01
2.643081486974108163e-02 4.131534416118536890e-01
2.899422853882875281e-02 4.372317993717669271e-01
3.180625692794119413e-02 4.624181318137018937e-01
3.489101213406773511e-02 4.885392059681090138e-01
3.827494478516314802e-02 5.154136075976015752e-01
4.198707084443914495e-02 5.428582211708407046e-01
4.605922041145103785e-02 5.706961277836758439e-01
5.052631065335679711e-02 5.987595579042049865e-01
5.542664520663106997e-02 6.268911910962396972e-01
6.080224261649427170e-02 6.549423475702267350e-01
6.669919663030128565e-02 6.827698203845278258e-01
7.316807143427192517e-02 7.102312372939101337e-01
8.026433522257174491e-02 7.371806987534378353e-01
8.804883581643464796e-02 7.634653690933536074e-01
9.658832241158708809e-02 7.889235393902179760e-01
1.059560179277617004e-01 8.133859028199827979e-01
1.162322468679851811e-01 8.366786142194292397e-01
1.275051240713012957e-01 8.586294788811149603e-01
1.398713102647238526e-01 8.790761999132283844e-01
1.534368408930013306e-01 8.978758533106112605e-01
1.683180353330958334e-01 9.149137934822102469e-01
1.846424942895542598e-01 9.301113633370362566e-01
2.025501939230666404e-01 9.434313029496995684e-01
2.221946860939523760e-01 9.548794936954848600e-01
2.437444150122221598e-01 9.645037295711093028e-01
2.673841615839949171e-01 9.723895913129607660e-01
2.933166278390042514e-01 9.786542445547804503e-01
3.217641750250735400e-01 9.834389672694824336e-01
3.529707302730650254e-01 9.869009832325102982e-01
3.872038781812557340e-01 9.892054047653705551e-01
4.247571552536902884e-01 9.905175920114535071e-01
4.659525668664677434e-01 9.909965899607723339e-01
5.111433483440165348e-01 9.907900369566334797e-01
5.607169938205458504e-01 9.900309256738534236e-01
6.150985788580504154e-01 9.888362668967052294e-01
6.747544053110700046e-01 9.873071578824662575e-01
7.401959996915636886e-01 9.855309030265109183e-01
8.119844993184008874e-01 9.835823501236690136e-01
8.907354638610439634e-01 9.815268439304568604e-01
9.771241535346502083e-01 9.794212671837322359e-01
1.071891319205128701e+00 9.773148579944500591e-01
1.175849554052158075e+00 9.752490311012446123e-01
1.289890261253308079e+00 9.732569379974502777e-01
1.414991297434575968e+00 9.713631276141825310e-01
1.552225357427047925e+00 9.695836528697975298e-01
1.702769172225901295e+00 9.679269728329138456e-01
1.867913599020784687e+00 9.663952971724841801e-01
2.049074689815846284e+00 9.649863611985095568e-01
2.247805833548725207e+00 9.636947759543090797e-01
2.465811075822603726e+00 9.625143326476335304e-01
2.704959730463137202e+00 9.614385733627517361e-01
2.967302408188872587e+00 9.604621621797113651e-01
3.255088599835056495e+00 9.595815737181403460e-01
3.570785964900462517e+00 9.587956194824431844e-01
3.917101490809260511e+00 9.581056159664498306e-01
4.297004704320843693e+00 9.575152515787113128e-01
4.713753134116728916e+00 9.570300405087334150e-01
5.170920242896755781e+00 9.566564270893606059e-01
5.672426068491977169e+00 9.564006663220814275e-01
6.222570836730231036e+00 9.562676044094159389e-01
6.826071834272393168e+00 9.562595588162488003e-01
7.488103857590030721e+00 9.563754631864953559e-01
8.214343584919422625e+00 9.566104539902916537e-01
9.011018251665019463e+00 9.569557571342806046e-01
9.884959046625585444e+00 9.574055502605557377e-01
1.084365968689610860e+01 9.579438253065312159e-01
1.189534067370320791e+01 9.585579447451096913e-01
1.304901978014401642e+01 9.592385603209697686e-01
1.431458937523478525e+01 9.599813232062889279e-01
1.570290124729377546e+01 9.607889603103184628e-01
1.722585965398787522e+01 9.616730349902713471e-01
1.889652339691211580e+01 9.626553319057524760e-01
2.072921779595369784e+01 9.637686973264899537e-01
2.273965752357927528e+01 9.650571617647604183e-01
2.494508135230316626e+01 9.665741443279042278e-01
2.736439997074672092e+01 9.683765327202592532e-01
3.001835813575592127e+01 9.705112492831182713e-01
3.292971255097148031e+01 9.729935651859912271e-01
3.612342699709430605e+01 9.757851332816719347e-01
3.962688638701478538e+01 9.787893040280849499e-01
4.347013158125026422e+01 9.818720973589827317e-01
4.768611697714474218e+01 9.848965704211584127e-01
5.231099308056258224e+01 9.877507953188009449e-01
5.738441648302392650e+01 9.903578883335123484e-01
6.294988990221887804e+01 9.926748777698258808e-01
6.905513520162330110e+01 9.946863844269882016e-01
7.575250258771920642e+01 9.963981408967782505e-01
8.309941949353404311e+01 9.978317816816976160e-01
9.115888299750818646e+01 9.990196404194836566e-01
1.000000000000000000e+02 1.000000000000000000e+00
