9.999999999999999547e-07 6.026173502573600044e-02
1.096985797892384023e-06 6.964448382819861394e-02
1.203377840777590506e-06 7.962839597215776166e-02
1.320088400831416760e-06 9.006221119486344795e-02
1.448118227674533100e-06 1.007631709479454296e-01
1.588565129428052708e-06 1.115274035522685891e-01
1.742633386009650705e-06 1.221423041856646852e-01
1.911644075385703595e-06 1.324010394444417316e-01
2.097046401323230812e-06 1.421173519794184936e-01
2.300430119772916844e-06 1.511393400243918328e-01
2.523539170434765982e-06 1.593605190267398386e-01
2.768286630392066801e-06 1.667263591406069057e-01
3.036771118035460538e-06 1.732365340410681187e-01
3.331294787934669962e-06 1.789424815477957120e-01
3.654383070957254277e-06 1.839403864312494363e-01
4.008806328898464506e-06 1.883611514402147857e-01
4.397603609302721006e-06 1.923586491504717944e-01
4.824108704165373363e-06 1.960963867342982725e-01
5.291978735958436362e-06 1.997352642307179127e-01
5.805225516094895368e-06 2.034226710846166741e-01
6.368249944718586522e-06 2.072829943312288203e-01
6.985879746785248997e-06 2.114131941608980991e-01
7.663410868007462581e-06 2.158798374768486350e-01
8.406652885618315837e-06 2.207201161564143477e-01
9.221978823334321272e-06 2.259453602528969096e-01
1.011637979766207114e-05 2.315457440018070245e-01
1.109752496412072123e-05 2.374955875090363488e-01
1.217382727739661976e-05 2.437576965259632134e-01
1.335451562929897430e-05 2.502860623349475455e-01
1.464971398307284918e-05 2.570267891503859592e-01
1.607052818261638468e-05 2.639176981480224615e-01
1.762914118095948102e-05 2.708872224450050159e-01
1.933891750455232097e-05 2.778535988661477996e-01
2.121451784910627868e-05 2.847251705737273708e-01
2.327202478960407187e-05 2.914023054982526340e-01
2.552908068239516468e-05 2.977810091794571568e-01
2.800503894183631128e-05 3.037580255640086602e-01
3.072112998861759335e-05 3.092368544043072043e-01
3.370064329271925001e-05 3.141338082384686481e-01
3.696912707195031789e-05 3.183835766379409793e-01
4.055460735840827523e-05 3.219437777117939992e-01
4.448782831127585431e-05 3.247974012928860343e-01
4.880251583654433487e-05 3.269542108058021701e-01
5.353566677410718833e-05 3.284492843085757285e-01
5.872786613189488590e-05 3.293404385052068339e-01
6.442363508721369713e-05 3.297037393409307793e-01
7.067181273927491600e-05 3.296281815956819128e-01
7.752597488629464379e-05 3.292095007237575977e-01
8.504489341802668747e-05 3.285442049590054370e-01
9.329304026284696006e-05 3.277239555951926286e-01
1.023411402105452698e-04 3.268315267095780463e-01
1.122667773510813578e-04 3.259376637092770146e-01
1.231550603292826216e-04 3.250998284960982532e-01
1.350993521198026509e-04 3.243621660894937531e-01
1.482020705798858503e-04 3.237565080916358640e-01
1.625755666443795110e-04 3.233039725845711643e-01
1.783430876931909215e-04 3.230167356736204920e-01
1.956398343517064872e-04 3.228997172629949342e-01
2.146141197858403608e-04 3.229519673392781121e-01
2.354286414322417768e-04 3.231678155988482737e-01
2.582618760682677613e-04 3.235378277153160842e-01
2.833096101839323875e-04 3.240496565051686484e-01
3.107866187782013824e-04 3.246888157832676924e-01
3.409285069746810937e-04 3.254394738280497190e-01
3.739937302478797796e-04 3.262850761290474466e-01
4.102658105827194793e-04 3.272092656477811889e-01
4.500557675700497698e-04 3.281964237872045942e-01
4.937047852839003808e-04 3.292324687514365800e-01
5.415871378079470779e-04 3.303054844203215379e-01
5.941133984965033281e-04 3.314062167013671623e-01
6.517339604882426947e-04 3.325284132873546072e-01
7.149428986597577062e-04 3.336689381226020656e-01
7.842822061337681189e-04 3.348277499873208440e-01
8.603464416684500826e-04 3.360077219453853070e-01
9.437878277775381061e-04 3.372144163202437928e-01
1.035321843295662538e-03 3.384558342953396526e-01
1.135733358343105071e-03 3.397421705983685314e-01
1.245883364295008152e-03 3.410855845002150888e-01
1.366716356462007289e-03 3.424999397891742015e-01
1.499268432786045498e-03 3.440004510941483962e-01
1.644676177994664444e-03 3.456032128472588671e-01
1.804186409392071833e-03 3.473246930144205380e-01
1.979166867853557332e-03 3.491808870322778424e-01
2.171117945694505096e-03 3.511866776828275749e-01
2.381685551976158062e-03 3.533550940464028622e-01
2.612675225563328932e-03 3.556967582423836149e-01
2.866067616948250220e-03 3.582195556636946221e-01
3.144035471591500111e-03 3.609286791976836217e-01
3.448962260405759751e-03 3.638271538018342799e-01
3.783462617131928916e-03 3.669167224629022450e-01
4.150404757850476717e-03 3.701993764158022504e-01
4.552935074866947852e-03 3.736792154439099733e-01
4.994505115855140363e-03 3.773646809675228475e-01
5.478901179593945181e-03 3.812709694443139341e-01
6.010276782070381706e-03 3.854223386219157166e-01
6.593188271333548338e-03 3.898541911033238661e-01
7.232633896483533706e-03 3.946145277209221480e-01
7.934096665797491649e-03 3.997647249078676301e-01
8.703591361485166558e-03 4.053791775759421623e-01
9.547716114208055702e-03 4.115443937470120717e-01
1.047370897959448710e-02 4.183557591992766445e-01
1.148951000187308641e-02 4.259146968175630543e-01
1.260382929679727468e-02 4.343235186128427405e-01
1.382622173764656327e-02 4.436800772704704854e-01
1.516716888470924160e-02 4.540717450549885958e-01
1.663816886076127308e-02 4.655692534794556026e-01
1.825183494319042310e-02 4.782213175757916712e-01
2.002200371815584384e-02 4.920501323805848148e-01
2.196385372416546911e-02 5.070476253884320661e-01
2.409403560239526884e-02 5.231756737462903706e-01
2.643081486974108163e-02 5.403666997454238397e-01
2.899422853882875281e-02 5.585266050575292684e-01
3.180625692794119413e-02 5.775403607221941682e-01
3.489101213406773511e-02 5.972788478906480014e-01
3.827494478516314802e-02 6.176046088614379759e-01
4.198707084443914495e-02 6.383793098547291267e-01
4.605922041145103785e-02 6.594681736258853899e-01
5.052631065335679711e-02 6.807432327640016156e-01
5.542664520663106997e-02 7.020843640443944489e-01
6.080224261649427170e-02 7.233781463964669145e-01
6.669919663030128565e-02 7.445155677442528708e-01
7.316807143427192517e-02 7.653886567946688313e-01
8.026433522257174491e-02 7.858871273743311958e-01
8.804883581643464796e-02 8.058958375704275978e-01
9.658832241158708809e-02 8.252931849600981806e-01
1.059560179277617004e-01 8.439520159326453497e-01
1.162322468679851811e-01 8.617416218917419712e-01
1.275051240713012957e-01 8.785326821624944715e-01
1.398713102647238526e-01 8.942030600232747650e-01
1.534368408930013306e-01 9.086451351807699472e-01
1.683180353330958334e-01 9.217724798159899757e-01
1.846424942895542598e-01 9.335257395459866103e-01
2.025501939230666404e-01 9.438767341413160095e-01
2.221946860939523760e-01 9.528298543277182731e-01
2.437444150122221598e-01 9.604211230604329241e-01
2.673841615839949171e-01 9.667151377979428251e-01
2.933166278390042514e-01 9.718003282450062841e-01
3.217641750250735400e-01 9.757833211390023465e-01
3.529707302730650254e-01 9.787827578930663464e-01
3.872038781812557340e-01 9.809230785865106217e-01
4.247571552536902884e-01 9.823287365866647525e-01
4.659525668664677434e-01 9.831191235593370603e-01
5.111433483440165348e-01 9.834046548489552286e-01
5.607169938205458504e-01 9.832842334292797304e-01
6.150985788580504154e-01 9.828441689841524997e-01
6.747544053110700046e-01 9.821583588136226783e-01
7.401959996915636886e-01 9.812897852117282715e-01
8.119844993184008874e-01 9.802917214305035820e-01
8.907354638610439634e-01 9.792098566637901236e-01
9.771241535346502083e-01 9.780834210770327219e-01
1.071891319205128701e+00 9.769459296582144736e-01
1.175849554052158075e+00 9.758251678905812687e-01
1.289890261253308079e+00 9.747428277626345450e-01
1.414991297434575968e+00 9.737144887713796715e-01
1.552225357427047925e+00 9.727497957662242234e-01
1.702769172225901295e+00 9.718531221594222114e-01
1.867913599020784687e+00 9.710246570138735267e-01
2.049074689815846284e+00 9.702616684216083254e-01
2.247805833548725207e+00 9.695597947367566860e-01
2.465811075822603726e+00 9.689142175364314769e-01
2.704959730463137202e+00 9.683203915316271893e-01
2.967302408188872587e+00 9.677751532804323986e-01
3.255088599835056495e+00 9.672769942161301149e-01
3.570785964900462517e+00 9.668264837291895564e-01
3.917101490809260511e+00 9.664263939910482382e-01
4.297004704320843693e+00 9.660815649683170969e-01
4.713753134116728916e+00 9.657984351464680151e-01
5.170920242896755781e+00 9.655843049063677075e-01
5.672426068491977169e+00 9.654464236276917299e-01
6.222570836730231036e+00 9.653910307640616306e-01
6.826071834272393168e+00 9.654224664328692196e-01
7.488103857590030721e+00 9.655425077273122048e-01
8.214343584919422625e+00 9.657498700428496230e-01
9.011018251665019463e+00 9.660403381569832026e-01
9.884959046625585444e+00 9.664117426446138248e-01
1.084365968689610860e+01 9.668541100499872254e-01
1.189534067370320791e+01 9.673599051806645033e-01
1.304901978014401642e+01 9.679238961857361545e-01
1.431458937523478525e+01 9.685443682681170730e-01
1.570290124729377546e+01 9.692246770388032173e-01
1.722585965398787522e+01 9.699742214265266727e-01
1.889652339691211580e+01 9.708097118996712460e-01
2.072921779595369784e+01 9.717551486454041321e-01
2.273965752357927528e+01 9.728419040733252698e-01
2.494508135230316626e+01 9.741071478582703502e-01
2.736439997074672092e+01 9.755894302837427867e-01
3.001835813575592127e+01 9.773189883366607544e-01
3.292971255097148031e+01 9.793021020217725914e-01
3.612342699709430605e+01 9.815056864261941794e-01
3.962688638701478538e+01 9.838544482851431239e-01
4.347013158125026422e+01 9.862466422260043331e-01
4.768611697714474218e+01 9.885796452967223757e-01
5.231099308056258224e+01 9.907701519131557610e-01
5.738441648302392650e+01 9.927615511986811470e-01
6.294988990221887804e+01 9.945228473472830233e-01
6.905513520162330110e+01 9.960439122910660359e-01
7.575250258771920642e+01 9.973306187392452227e-01
8.309941949353404311e+01 9.984008210338500833e-01
9.115888299750818646e+01 9.992804898324750829e-01
1.000000000000000000e+02 1.000000000000000000e+00
