9.999999999999999547e-07 1.215293806836980212e-01
1.096985797892384023e-06 1.404514985090415946e-01
1.203377840777590506e-06 1.605859778476480260e-01
1.320088400831416760e-06 1.816277732813270651e-01
1.448118227674533100e-06 2.032083170394790861e-01
1.588565129428052708e-06 2.249164626614888196e-01
1.742633386009650705e-06 2.463234516233280547e-01
1.911644075385703595e-06 2.670121645758455342e-01
2.097046401323230812e-06 2.866069777410263364e-01
2.300430119772916844e-06 3.048015519816128505e-01
2.523539170434765982e-06 3.213811407068149495e-01
2.768286630392066801e-06 3.362357739845726612e-01
3.036771118035460538e-06 3.493647937075306520e-01
3.331294787934669962e-06 3.608719341209424281e-01
3.654383070957254277e-06 3.709511703009266137e-01
4.008806328898464506e-06 3.798664928015741404e-01
4.397603609302721006e-06 3.879282152469915590e-01
4.824108704165373363e-06 3.954660812727432972e-01
5.291978735958436362e-06 4.028045767215434614e-01
5.805225516094895368e-06 4.102409407153269627e-01
6.368249944718586522e-06 4.180260235814793335e-01
6.985879746785248997e-06 4.263553641253403637e-01
7.663410868007462581e-06 4.353632072259039920e-01
8.406652885618315837e-06 4.451245573515668630e-01
9.221978823334321272e-06 4.556622636030478457e-01
1.011637979766207114e-05 4.669565102740049767e-01
1.109752496412072123e-05 4.789555087187399862e-01
1.217382727739661976e-05 4.915842493346068709e-01
1.335451562929897430e-05 5.047499463900742001e-01
1.464971398307284918e-05 5.183439082945615617e-01
1.607052818261638468e-05 5.322407390319264797e-01
1.762914118095948102e-05 5.462961096560480234e-01
1.933891750455232097e-05 5.603451283092856228e-01
2.121451784910627868e-05 5.742029505054954130e-01
2.327202478960407187e-05 5.876686479809444252e-01
2.552908068239516468e-05 6.005324946416946696e-01
2.800503894183631128e-05 6.125862532553133510e-01
3.072112998861759335e-05 6.236353106308119010e-01
3.370064329271925001e-05 6.335108926136814311e-01
3.696912707195031789e-05 6.420812853742700055e-01
4.055460735840827523e-05 6.492610142866175327e-01
4.448782831127585431e-05 6.550157709561897912e-01
4.880251583654433487e-05 6.593652402125836920e-01
5.353566677410718833e-05 6.623801576440175864e-01
5.872786613189488590e-05 6.641771144142418759e-01
6.442363508721369713e-05 6.649095032416877382e-01
7.067181273927491600e-05 6.647567884517074921e-01
7.752597488629464379e-05 6.639120259867949958e-01
8.504489341802668747e-05 6.625698274420461775e-01
9.329304026284696006e-05 6.609150269091502716e-01
1.023411402105452698e-04 6.591145292174768189e-01
1.122667773510813578e-04 6.573109794040428167e-01
1.231550603292826216e-04 6.556202251376539447e-01
1.350993521198026509e-04 6.541312506594817444e-01
1.482020705798858503e-04 6.529081976609913962e-01
1.625755666443795110e-04 6.519935890268681034e-01
1.783430876931909215e-04 6.514118977303571256e-01
1.956398343517064872e-04 6.511729413616198503e-01
2.146141197858403608e-04 6.512746710420882490e-01
2.354286414322417768e-04 6.517054806411853862e-01
2.582618760682677613e-04 6.524461230034053205e-01
2.833096101839323875e-04 6.534714186852035311e-01
3.107866187782013824e-04 6.547517517173044865e-01
3.409285069746810937e-04 6.562547260573299290e-01
3.739937302478797796e-04 6.579462956879876812e-01
4.102658105827194793e-04 6.597926284004372866e-01
4.500557675700497698e-04 6.617611033892192296e-01
4.937047852839003808e-04 6.638218598894062294e-01
5.415871378079470779e-04 6.659489738802553127e-01
5.941133984965033281e-04 6.681213277198183587e-01
6.517339604882426947e-04 6.703231684169539406e-01
7.149428986597577062e-04 6.725441886756133858e-01
7.842822061337681189e-04 6.747792672329581132e-01
8.603464416684500826e-04 6.770279574400832612e-01
9.437878277775381061e-04 6.792938016812113400e-01
1.035321843295662538e-03 6.815836249205001751e-01
1.135733358343105071e-03 6.839068674832539108e-01
1.245883364295008152e-03 6.862749539303957258e-01
1.366716356462007289e-03 6.887006805117402708e-01
1.499268432786045498e-03 6.911974922462726934e-01
1.644676177994664444e-03 6.937786319066719942e-01
1.804186409392071833e-03 6.964561168969366500e-01
1.979166867853557332e-03 6.992396083865114464e-01
2.171117945694505096e-03 7.021352315446239833e-01
2.381685551976158062e-03 7.051445578271284820e-01
2.612675225563328932e-03 7.082637512614176067e-01
2.866067616948250220e-03 7.114831555040580513e-01
3.144035471591500111e-03 7.147872608715818421e-01
3.448962260405759751e-03 7.181552930191903439e-01
3.783462617131928916e-03 7.215622821905409712e-01
4.150404757850476717e-03 7.249806268569073398e-01
4.552935074866947852e-03 7.283820745832479959e-01
4.994505115855140363e-03 7.317399935578294823e-01
5.478901179593945181e-03 7.350317270165057648e-01
6.010276782070381706e-03 7.382409059628248782e-01
6.593188271333548338e-03 7.413594761872436267e-01
7.232633896483533706e-03 7.443892800520942599e-01
7.934096665797491649e-03 7.473430254329219702e-01
8.703591361485166558e-03 7.502446412871563997e-01
9.547716114208055702e-03 7.531288740721018282e-01
1.047370897959448710e-02 7.560401167049629612e-01
1.148951000187308641e-02 7.590304721296899926e-01
1.260382929679727468e-02 7.621570674239943610e-01
1.382622173764656327e-02 7.654789310343707021e-01
1.516716888470924160e-02 7.690531476694506541e-01
1.663816886076127308e-02 7.729316283482017269e-01
1.825183494319042310e-02 7.771577452657985052e-01
2.002200371815584384e-02 7.817635765031062389e-01
2.196385372416546911e-02 7.867681530626879916e-01
2.409403560239526884e-02 7.921761310849971816e-01
2.643081486974108163e-02 7.979784510942763420e-01
2.899422853882875281e-02 8.041532613611475089e-01
3.180625692794119413e-02 8.106676440939868389e-01
3.489101213406773511e-02 8.174804448560694103e-01
3.827494478516314802e-02 8.245453280833329179e-01
4.198707084443914495e-02 8.318131773075595481e-01
4.605922041145103785e-02 8.392349917052843722e-01
5.052631065335679711e-02 8.467633485234173918e-01
5.542664520663106997e-02 8.543534479966387041e-01
6.080224261649427170e-02 8.619632479379315537e-01
6.669919663030128565e-02 8.695531066459116776e-01
7.316807143427192517e-02 8.770845591764928617e-01
8.026433522257174491e-02 8.845195377891386102e-01
8.804883581643464796e-02 8.918191721564513452e-01
9.658832241158708809e-02 8.989431350253308528e-01
1.059560179277617004e-01 9.058494785011317330e-01
1.162322468679851811e-01 9.124951777706548084e-01
1.275051240713012957e-01 9.188374223464611523e-01
1.398713102647238526e-01 9.248355453000633997e-01
1.534368408930013306e-01 9.304533558019374428e-01
1.683180353330958334e-01 9.356615850518879007e-01
1.846424942895542598e-01 9.404399682194836130e-01
2.025501939230666404e-01 9.447787448501977492e-01
2.221946860939523760e-01 9.486792527214569226e-01
2.437444150122221598e-01 9.521536983263690912e-01
2.673841615839949171e-01 9.552241522441460297e-01
2.933166278390042514e-01 9.579208791451148119e-01
3.217641750250735400e-01 9.602803585124100039e-01
3.529707302730650254e-01 9.623430386363797107e-01
3.872038781812557340e-01 9.641510502726181597e-01
4.247571552536902884e-01 9.657459907490080209e-01
4.659525668664677434e-01 9.671669526019567309e-01
5.111433483440165348e-01 9.684489459653312649e-01
5.607169938205458504e-01 9.696218482138302397e-01
6.150985788580504154e-01 9.707099178558570296e-01
6.747544053110700046e-01 9.717318639612382292e-01
7.401959996915636886e-01 9.727001702416809836e-01
8.119844993184008874e-01 9.736279266615326389e-01
8.907354638610439634e-01 9.745176317336711191e-01
9.771241535346502083e-01 9.753740635260992331e-01
1.071891319205128701e+00 9.761988054649227697e-01
1.175849554052158075e+00 9.769918406427550162e-01
1.289890261253308079e+00 9.777517780451524532e-01
1.414991297434575968e+00 9.784760786921172793e-01
1.552225357427047925e+00 9.791613506677929735e-01
1.702769172225901295e+00 9.798037233122047773e-01
1.867913599020784687e+00 9.803992867842854508e-01
2.049074689815846284e+00 9.809445201012346738e-01
2.247805833548725207e+00 9.814366687115816390e-01
2.465811075822603726e+00 9.818740290205778543e-01
2.704959730463137202e+00 9.822561840166973424e-01
2.967302408188872587e+00 9.825841066888201247e-01
3.255088599835056495e+00 9.828603756010481085e-01
3.570785964900462517e+00 9.830891637010373829e-01
3.917101490809260511e+00 9.832761965788602287e-01
4.297004704320843693e+00 9.834286240181751015e-01
4.713753134116728916e+00 9.835547435271155825e-01
5.170920242896755781e+00 9.836635797817705473e-01
5.672426068491977169e+00 9.837644203435048640e-01
6.222570836730231036e+00 9.838663244563159438e-01
6.826071834272393168e+00 9.839777084584699907e-01
7.488103857590030721e+00 9.841060037599095311e-01
8.214343584919422625e+00 9.842574360385104582e-01
9.011018251665019463e+00 9.844370051912071373e-01
9.884959046625585444e+00 9.846496268921171025e-01
1.084365968689610860e+01 9.848977766738834516e-01
1.189534067370320791e+01 9.851842299051511986e-01
1.304901978014401642e+01 9.855120427609226352e-01
1.431458937523478525e+01 9.858848658238477114e-01
1.570290124729377546e+01 9.863071995474572695e-01
1.722585965398787522e+01 9.867844395098013255e-01
1.889652339691211580e+01 9.873226521382888476e-01
2.072921779595369784e+01 9.879280364148950166e-01
2.273965752357927528e+01 9.886061975686639691e-01
2.494508135230316626e+01 9.893617623216841572e-01
2.736439997074672092e+01 9.901958361971203715e-01
3.001835813575592127e+01 9.911049005557830416e-01
3.292971255097148031e+01 9.920771211174898019e-01
3.612342699709430605e+01 9.930900247772844747e-01
3.962688638701478538e+01 9.941115371766907627e-01
4.347013158125026422e+01 9.951053037254141698e-01
4.768611697714474218e+01 9.960379935314647160e-01
5.231099308056258224e+01 9.968844593487945493e-01
5.738441648302392650e+01 9.976290620393666320e-01
6.294988990221887804e+01 9.982650609907213202e-01
6.905513520162330110e+01 9.987929613606184587e-01
7.575250258771920642e+01 9.992188911365483817e-01
8.309941949353404311e+01 9.995531484055858451e-01
9.115888299750818646e+01 9.998087204400257777e-01
1.000000000000000000e+02 1.000000000000000000e+00
